distinct_routes_count = data['Route'].nunique(),Departing Port,Arriving Port,Airline,Year,Cancellations,Departures On Time,Arrivals On Time,Departures Delayed,Arrivals Delayed
Adelaide-Brisbane,Adelaide,Brisbane,Jetstar,2014,0,304,309,29,24
Adelaide-Brisbane,Adelaide,Brisbane,Qantas,2014,1,1170,1146,111,135
Adelaide-Brisbane,Adelaide,Brisbane,Tigerair,2014,0,219,220,15,14
Adelaide-Brisbane,Adelaide,Brisbane,Virgin Australia,2014,11,1216,1217,115,114
Adelaide-Canberra,Adelaide,Canberra,Qantas,2014,0,486,487,32,31
Adelaide-Canberra,Adelaide,Canberra,QantasLink,2014,6,178,192,55,41
Adelaide-Canberra,Adelaide,Canberra,Virgin Australia,2014,4,292,292,17,17
Adelaide-Gold Coast,Adelaide,Gold Coast,Jetstar,2014,2,382,378,36,40
Adelaide-Gold Coast,Adelaide,Gold Coast,Virgin Australia,2014,0,347,351,18,14
Adelaide-Melbourne,Adelaide,Melbourne,Jetstar,2014,14,1037,1013,221,245
Adelaide-Melbourne,Adelaide,Melbourne,Qantas,2014,17,2963,3029,424,358
Adelaide-Melbourne,Adelaide,Melbourne,QantasLink,2014,5,115,111,11,15
Adelaide-Melbourne,Adelaide,Melbourne,Tigerair,2014,14,684,658,157,183
Adelaide-Melbourne,Adelaide,Melbourne,Virgin Australia,2014,49,2791,2777,428,442
Adelaide-Perth,Adelaide,Perth,Jetstar,2014,0,343,340,66,69
Adelaide-Perth,Adelaide,Perth,Qantas,2014,2,1191,1216,144,119
Adelaide-Perth,Adelaide,Perth,Virgin Australia,2014,6,677,690,83,70
Adelaide-Port Lincoln,Adelaide,Port Lincoln,QantasLink,2014,13,1037,1025,108,120
Adelaide-Port Lincoln,Adelaide,Port Lincoln,Regional Express,2014,5,2272,2215,108,165
Adelaide-Sydney,Adelaide,Sydney,Jetstar,2014,21,1086,1109,362,339
Adelaide-Sydney,Adelaide,Sydney,Qantas,2014,9,2644,2704,312,252
Adelaide-Sydney,Adelaide,Sydney,QantasLink,2014,9,100,114,75,61
Adelaide-Sydney,Adelaide,Sydney,Tigerair,2014,3,220,238,46,28
Adelaide-Sydney,Adelaide,Sydney,Virgin Australia,2014,5,1817,1838,177,156
Albury-Sydney,Albury,Sydney,QantasLink,2014,10,1009,968,251,292
Albury-Sydney,Albury,Sydney,Regional Express,2014,3,1098,1075,124,147
Albury-Sydney,Albury,Sydney,Virgin Australia Regional Airlines,2014,5,614,562,106,158
Alice Springs-Melbourne,Alice Springs,Melbourne,Qantas,2014,0,143,162,69,50
Alice Springs-Melbourne,Alice Springs,Melbourne,Tigerair,2014,0,73,74,36,35
Alice Springs-Sydney,Alice Springs,Sydney,Qantas,2014,0,154,184,58,28
Alice Springs-Sydney,Alice Springs,Sydney,Tigerair,2014,0,90,86,23,27
Armidale-Sydney,Armidale,Sydney,QantasLink,2014,18,609,638,172,143
Armidale-Sydney,Armidale,Sydney,Regional Express,2014,2,390,321,65,134
Ayers Rock-Sydney,Ayers Rock,Sydney,Jetstar,2014,3,244,217,38,65
Ayers Rock-Sydney,Ayers Rock,Sydney,Virgin Australia,2014,1,318,335,48,31
Ballina-Sydney,Ballina,Sydney,Jetstar,2014,7,594,610,184,168
Ballina-Sydney,Ballina,Sydney,Regional Express,2014,0,224,208,62,78
Ballina-Sydney,Ballina,Sydney,Virgin Australia,2014,7,307,311,52,48
Brisbane-Adelaide,Brisbane,Adelaide,Jetstar,2014,0,311,316,16,11
Brisbane-Adelaide,Brisbane,Adelaide,Qantas,2014,1,1132,1160,149,121
Brisbane-Adelaide,Brisbane,Adelaide,Tigerair,2014,0,205,198,30,37
Brisbane-Adelaide,Brisbane,Adelaide,Virgin Australia,2014,3,1152,1138,187,201
Brisbane-Bundaberg,Brisbane,Bundaberg,QantasLink,2014,8,1245,1228,163,180
Brisbane-Bundaberg,Brisbane,Bundaberg,Virgin Australia Regional Airlines,2014,0,397,394,57,60
Brisbane-Cairns,Brisbane,Cairns,Jetstar,2014,10,1066,1066,178,178
Brisbane-Cairns,Brisbane,Cairns,Qantas,2014,3,1220,1250,184,154
Brisbane-Cairns,Brisbane,Cairns,QantasLink,2014,1,46,42,5,9
Brisbane-Cairns,Brisbane,Cairns,Tigerair,2014,1,145,146,88,87
Brisbane-Cairns,Brisbane,Cairns,Virgin Australia,2014,7,1404,1413,231,222
Brisbane-Canberra,Brisbane,Canberra,Qantas,2014,2,452,465,54,41
Brisbane-Canberra,Brisbane,Canberra,QantasLink,2014,10,1194,1204,197,187
Brisbane-Canberra,Brisbane,Canberra,Virgin Australia,2014,2,956,950,159,165
Brisbane-Darwin,Brisbane,Darwin,Jetstar,2014,3,219,219,36,36
Brisbane-Darwin,Brisbane,Darwin,Qantas,2014,2,485,470,50,65
Brisbane-Darwin,Brisbane,Darwin,Tigerair,2014,5,189,164,4,29
Brisbane-Darwin,Brisbane,Darwin,Virgin Australia,2014,1,319,307,47,59
Brisbane-Emerald,Brisbane,Emerald,QantasLink,2014,23,1666,1479,137,324
Brisbane-Emerald,Brisbane,Emerald,Virgin Australia Regional Airlines,2014,6,917,834,97,180
Brisbane-Gladstone,Brisbane,Gladstone,QantasLink,2014,72,2288,2217,210,281
Brisbane-Gladstone,Brisbane,Gladstone,Virgin Australia,2014,1,18,18,6,6
Brisbane-Gladstone,Brisbane,Gladstone,Virgin Australia Regional Airlines,2014,8,1502,1459,236,279
Brisbane-Hamilton Island,Brisbane,Hamilton Island,Jetstar,2014,4,149,150,14,13
Brisbane-Hamilton Island,Brisbane,Hamilton Island,QantasLink,2014,0,17,18,3,2
Brisbane-Hamilton Island,Brisbane,Hamilton Island,Virgin Australia,2014,6,331,328,26,29
Brisbane-Hobart,Brisbane,Hobart,Jetstar,2014,0,316,306,26,36
Brisbane-Hobart,Brisbane,Hobart,Virgin Australia,2014,0,320,289,45,76
Brisbane-Mackay,Brisbane,Mackay,Jetstar,2014,16,623,639,143,127
Brisbane-Mackay,Brisbane,Mackay,QantasLink,2014,14,1155,1168,121,108
Brisbane-Mackay,Brisbane,Mackay,Virgin Australia,2014,23,1497,1494,237,240
Brisbane-Melbourne,Brisbane,Melbourne,Jetstar,2014,20,1029,1088,322,263
Brisbane-Melbourne,Brisbane,Melbourne,Qantas,2014,32,4292,4229,747,810
Brisbane-Melbourne,Brisbane,Melbourne,Tigerair,2014,12,907,891,392,408
Brisbane-Melbourne,Brisbane,Melbourne,Virgin Australia,2014,124,3679,3344,690,1025
Brisbane-Moranbah,Brisbane,Moranbah,QantasLink,2014,97,1400,1383,120,137
Brisbane-Moranbah,Brisbane,Moranbah,Virgin Australia Regional Airlines,2014,11,903,922,102,83
Brisbane-Mount Isa,Brisbane,Mount Isa,Qantas,2014,0,639,634,32,37
Brisbane-Mount Isa,Brisbane,Mount Isa,Virgin Australia,2014,0,239,237,21,23
Brisbane-Newcastle,Brisbane,Newcastle,Jetstar,2014,4,1080,1085,133,128
Brisbane-Newcastle,Brisbane,Newcastle,QantasLink,2014,19,700,556,117,261
Brisbane-Newcastle,Brisbane,Newcastle,Virgin Australia,2014,1,828,828,123,123
Brisbane-Perth,Brisbane,Perth,Jetstar,2014,0,109,116,21,14
Brisbane-Perth,Brisbane,Perth,Qantas,2014,3,1243,1244,280,279
Brisbane-Perth,Brisbane,Perth,Virgin Australia,2014,6,810,830,269,249
Brisbane-Proserpine,Brisbane,Proserpine,Jetstar,2014,2,299,310,51,40
Brisbane-Proserpine,Brisbane,Proserpine,Virgin Australia,2014,8,559,565,55,49
Brisbane-Rockhampton,Brisbane,Rockhampton,QantasLink,2014,52,2206,2176,353,383
Brisbane-Rockhampton,Brisbane,Rockhampton,Virgin Australia,2014,19,1035,1053,166,148
Brisbane-Rockhampton,Brisbane,Rockhampton,Virgin Australia Regional Airlines,2014,38,1043,1022,218,239
Brisbane-Sydney,Brisbane,Sydney,Jetstar,2014,96,1430,1517,427,340
Brisbane-Sydney,Brisbane,Sydney,Qantas,2014,156,6251,6205,833,879
Brisbane-Sydney,Brisbane,Sydney,Tigerair,2014,13,728,728,271,271
Brisbane-Sydney,Brisbane,Sydney,Virgin Australia,2014,161,5489,5379,714,824
Brisbane-Townsville,Brisbane,Townsville,Jetstar,2014,5,488,473,72,87
Brisbane-Townsville,Brisbane,Townsville,Qantas,2014,6,1511,1557,250,204
Brisbane-Townsville,Brisbane,Townsville,Virgin Australia,2014,22,1576,1575,246,247
Broome-Perth,Broome,Perth,Qantas,2014,0,341,358,53,36
Broome-Perth,Broome,Perth,QantasLink,2014,10,559,555,46,50
Broome-Perth,Broome,Perth,Virgin Australia,2014,13,370,375,87,82
Broome-Perth,Broome,Perth,Virgin Australia Regional Airlines,2014,2,154,126,71,99
Bundaberg-Brisbane,Bundaberg,Brisbane,QantasLink,2014,7,1229,1172,179,236
Bundaberg-Brisbane,Bundaberg,Brisbane,Virgin Australia Regional Airlines,2014,0,375,371,79,83
Cairns-Brisbane,Cairns,Brisbane,Jetstar,2014,10,1113,1108,132,137
Cairns-Brisbane,Cairns,Brisbane,Qantas,2014,6,1217,1194,184,207
Cairns-Brisbane,Cairns,Brisbane,QantasLink,2014,1,45,43,6,8
Cairns-Brisbane,Cairns,Brisbane,Tigerair,2014,2,134,125,99,108
Cairns-Brisbane,Cairns,Brisbane,Virgin Australia,2014,7,1384,1374,250,260
Cairns-Melbourne,Cairns,Melbourne,Jetstar,2014,13,874,883,211,202
Cairns-Melbourne,Cairns,Melbourne,Qantas,2014,1,268,300,96,64
Cairns-Melbourne,Cairns,Melbourne,Tigerair,2014,8,306,301,104,109
Cairns-Melbourne,Cairns,Melbourne,Virgin Australia,2014,2,277,290,114,101
Cairns-Sydney,Cairns,Sydney,Jetstar,2014,14,947,962,142,127
Cairns-Sydney,Cairns,Sydney,Qantas,2014,2,671,720,159,110
Cairns-Sydney,Cairns,Sydney,Tigerair,2014,3,253,280,90,63
Cairns-Sydney,Cairns,Sydney,Virgin Australia,2014,8,916,961,119,74
Cairns-Townsville,Cairns,Townsville,QantasLink,2014,11,299,297,33,35
Cairns-Townsville,Cairns,Townsville,Virgin Australia Regional Airlines,2014,1,15,15,0,0
Canberra-Adelaide,Canberra,Adelaide,Qantas,2014,0,481,486,37,32
Canberra-Adelaide,Canberra,Adelaide,QantasLink,2014,5,182,181,52,53
Canberra-Adelaide,Canberra,Adelaide,Virgin Australia,2014,4,281,284,28,25
Canberra-Brisbane,Canberra,Brisbane,Qantas,2014,3,488,490,18,16
Canberra-Brisbane,Canberra,Brisbane,QantasLink,2014,11,1149,1125,241,265
Canberra-Brisbane,Canberra,Brisbane,Virgin Australia,2014,5,959,932,156,183
Canberra-Melbourne,Canberra,Melbourne,Qantas,2014,15,2008,1993,207,222
Canberra-Melbourne,Canberra,Melbourne,QantasLink,2014,27,901,871,220,250
Canberra-Melbourne,Canberra,Melbourne,Virgin Australia,2014,32,1692,1671,332,353
Canberra-Melbourne,Canberra,Melbourne,Virgin Australia Regional Airlines,2014,1,45,40,5,10
Canberra-Sydney,Canberra,Sydney,Qantas,2014,7,364,359,29,34
Canberra-Sydney,Canberra,Sydney,QantasLink,2014,321,4849,4831,782,800
Canberra-Sydney,Canberra,Sydney,Virgin Australia,2014,19,465,460,63,68
Canberra-Sydney,Canberra,Sydney,Virgin Australia Regional Airlines,2014,72,2572,2575,261,258
Coffs Harbour-Sydney,Coffs Harbour,Sydney,Qantas,2014,1,1,1,1,1
Coffs Harbour-Sydney,Coffs Harbour,Sydney,QantasLink,2014,10,1461,1496,342,307
Coffs Harbour-Sydney,Coffs Harbour,Sydney,Tigerair,2014,4,131,132,39,38
Coffs Harbour-Sydney,Coffs Harbour,Sydney,Virgin Australia,2014,19,621,630,72,63
Darwin-Brisbane,Darwin,Brisbane,Jetstar,2014,3,211,233,46,24
Darwin-Brisbane,Darwin,Brisbane,Qantas,2014,3,411,386,123,148
Darwin-Brisbane,Darwin,Brisbane,Tigerair,2014,4,174,165,16,25
Darwin-Brisbane,Darwin,Brisbane,Virgin Australia,2014,5,269,208,94,155
Darwin-Melbourne,Darwin,Melbourne,Jetstar,2014,1,250,289,107,68
Darwin-Melbourne,Darwin,Melbourne,Qantas,2014,1,261,257,86,90
Darwin-Melbourne,Darwin,Melbourne,Virgin Australia,2014,3,310,298,53,65
Darwin-Perth,Darwin,Perth,Qantas,2014,1,383,391,43,35
Darwin-Perth,Darwin,Perth,Virgin Australia,2014,1,274,266,38,46
Darwin-Sydney,Darwin,Sydney,Jetstar,2014,8,219,246,108,81
Darwin-Sydney,Darwin,Sydney,Qantas,2014,1,537,542,86,81
Darwin-Sydney,Darwin,Sydney,Virgin Australia,2014,2,264,265,99,98
Dubbo-Sydney,Dubbo,Sydney,QantasLink,2014,5,1220,1178,243,285
Dubbo-Sydney,Dubbo,Sydney,Regional Express,2014,17,1540,1471,173,242
Emerald-Brisbane,Emerald,Brisbane,QantasLink,2014,26,1453,1441,345,357
Emerald-Brisbane,Emerald,Brisbane,Virgin Australia Regional Airlines,2014,10,884,890,125,119
Geraldton-Perth,Geraldton,Perth,QantasLink,2014,5,593,588,35,40
Geraldton-Perth,Geraldton,Perth,Virgin Australia Regional Airlines,2014,7,1000,974,135,161
Gladstone-Brisbane,Gladstone,Brisbane,QantasLink,2014,79,2303,2178,407,532
Gladstone-Brisbane,Gladstone,Brisbane,Virgin Australia,2014,1,17,14,7,10
Gladstone-Brisbane,Gladstone,Brisbane,Virgin Australia Regional Airlines,2014,10,1442,1369,292,365
Gold Coast-Adelaide,Gold Coast,Adelaide,Jetstar,2014,0,385,386,35,34
Gold Coast-Adelaide,Gold Coast,Adelaide,Virgin Australia,2014,0,337,336,28,29
Gold Coast-Melbourne,Gold Coast,Melbourne,Jetstar,2014,19,2228,2235,397,390
Gold Coast-Melbourne,Gold Coast,Melbourne,Tigerair,2014,10,482,500,313,295
Gold Coast-Melbourne,Gold Coast,Melbourne,Virgin Australia,2014,23,1751,1770,344,325
Gold Coast-Sydney,Gold Coast,Sydney,Jetstar,2014,104,3301,3355,575,521
Gold Coast-Sydney,Gold Coast,Sydney,Qantas,2014,2,942,961,133,114
Gold Coast-Sydney,Gold Coast,Sydney,Tigerair,2014,13,599,609,179,169
Gold Coast-Sydney,Gold Coast,Sydney,Virgin Australia,2014,78,2991,3037,429,383
Hamilton Island-Brisbane,Hamilton Island,Brisbane,Jetstar,2014,5,146,146,18,18
Hamilton Island-Brisbane,Hamilton Island,Brisbane,QantasLink,2014,0,16,18,4,2
Hamilton Island-Brisbane,Hamilton Island,Brisbane,Virgin Australia,2014,10,317,310,39,46
Hamilton Island-Melbourne,Hamilton Island,Melbourne,Jetstar,2014,3,186,189,31,28
Hamilton Island-Melbourne,Hamilton Island,Melbourne,Virgin Australia,2014,4,152,158,32,26
Hamilton Island-Sydney,Hamilton Island,Sydney,Jetstar,2014,6,266,267,59,58
Hamilton Island-Sydney,Hamilton Island,Sydney,Qantas,2014,0,22,27,18,13
Hamilton Island-Sydney,Hamilton Island,Sydney,Virgin Australia,2014,9,295,304,62,53
Hobart-Brisbane,Hobart,Brisbane,Jetstar,2014,0,255,247,90,98
Hobart-Brisbane,Hobart,Brisbane,Virgin Australia,2014,1,235,264,129,100
Hobart-Melbourne,Hobart,Melbourne,Jetstar,2014,21,1710,1704,451,457
Hobart-Melbourne,Hobart,Melbourne,Qantas,2014,0,272,257,30,45
Hobart-Melbourne,Hobart,Melbourne,QantasLink,2014,13,649,605,307,351
Hobart-Melbourne,Hobart,Melbourne,Tigerair,2014,1,217,194,124,147
Hobart-Melbourne,Hobart,Melbourne,Virgin Australia,2014,14,1358,1329,287,316
Hobart-Sydney,Hobart,Sydney,Jetstar,2014,5,721,715,195,201
Hobart-Sydney,Hobart,Sydney,Qantas,2014,0,98,96,7,9
Hobart-Sydney,Hobart,Sydney,QantasLink,2014,2,216,199,56,73
Hobart-Sydney,Hobart,Sydney,Virgin Australia,2014,0,621,623,92,90
Kalgoorlie-Perth,Kalgoorlie,Perth,Qantas,2014,6,412,411,27,28
Kalgoorlie-Perth,Kalgoorlie,Perth,QantasLink,2014,11,507,492,49,64
Kalgoorlie-Perth,Kalgoorlie,Perth,Virgin Australia,2014,9,439,434,59,64
Kalgoorlie-Perth,Kalgoorlie,Perth,Virgin Australia Regional Airlines,2014,2,130,126,27,31
Karratha-Perth,Karratha,Perth,Qantas,2014,59,1559,1561,96,94
Karratha-Perth,Karratha,Perth,QantasLink,2014,34,865,852,61,74
Karratha-Perth,Karratha,Perth,Virgin Australia,2014,15,792,788,97,101
Karratha-Perth,Karratha,Perth,Virgin Australia Regional Airlines,2014,3,86,93,36,29
Launceston-Melbourne,Launceston,Melbourne,Jetstar,2014,11,1171,1147,326,350
Launceston-Melbourne,Launceston,Melbourne,QantasLink,2014,32,1182,1131,240,291
Launceston-Melbourne,Launceston,Melbourne,Virgin Australia,2014,12,1196,1122,163,237
Launceston-Melbourne,Launceston,Melbourne,Virgin Australia Regional Airlines,2014,0,4,3,4,5
Launceston-Sydney,Launceston,Sydney,Jetstar,2014,3,518,538,169,149
Launceston-Sydney,Launceston,Sydney,Virgin Australia,2014,0,300,302,65,63
Mackay-Brisbane,Mackay,Brisbane,Jetstar,2014,17,583,581,182,184
Mackay-Brisbane,Mackay,Brisbane,QantasLink,2014,21,1106,1111,164,159
Mackay-Brisbane,Mackay,Brisbane,Virgin Australia,2014,25,1505,1504,228,229
Melbourne-Adelaide,Melbourne,Adelaide,Jetstar,2014,6,1018,1026,246,238
Melbourne-Adelaide,Melbourne,Adelaide,Qantas,2014,13,3077,3007,311,381
Melbourne-Adelaide,Melbourne,Adelaide,QantasLink,2014,5,111,109,15,17
Melbourne-Adelaide,Melbourne,Adelaide,Tigerair,2014,13,754,708,89,135
Melbourne-Adelaide,Melbourne,Adelaide,Virgin Australia,2014,37,2785,2736,443,492
Melbourne-Alice Springs,Melbourne,Alice Springs,Qantas,2014,0,172,165,40,47
Melbourne-Alice Springs,Melbourne,Alice Springs,Tigerair,2014,0,97,81,12,28
Melbourne-Brisbane,Melbourne,Brisbane,Jetstar,2014,18,936,1009,416,343
Melbourne-Brisbane,Melbourne,Brisbane,Qantas,2014,35,4313,4064,719,968
Melbourne-Brisbane,Melbourne,Brisbane,Tigerair,2014,10,960,845,343,458
Melbourne-Brisbane,Melbourne,Brisbane,Virgin Australia,2014,128,3609,3363,749,995
Melbourne-Cairns,Melbourne,Cairns,Jetstar,2014,11,910,900,172,182
Melbourne-Cairns,Melbourne,Cairns,Qantas,2014,1,299,285,65,79
Melbourne-Cairns,Melbourne,Cairns,Tigerair,2014,7,362,354,47,55
Melbourne-Cairns,Melbourne,Cairns,Virgin Australia,2014,2,322,290,68,100
Melbourne-Canberra,Melbourne,Canberra,Qantas,2014,11,2031,2012,189,208
Melbourne-Canberra,Melbourne,Canberra,QantasLink,2014,30,929,828,185,286
Melbourne-Canberra,Melbourne,Canberra,Virgin Australia,2014,31,1725,1698,301,328
Melbourne-Canberra,Melbourne,Canberra,Virgin Australia Regional Airlines,2014,2,34,26,15,23
Melbourne-Darwin,Melbourne,Darwin,Jetstar,2014,1,297,290,56,63
Melbourne-Darwin,Melbourne,Darwin,Qantas,2014,1,299,267,48,80
Melbourne-Darwin,Melbourne,Darwin,Virgin Australia,2014,3,329,321,33,41
Melbourne-Gold Coast,Melbourne,Gold Coast,Jetstar,2014,16,2123,2129,502,496
Melbourne-Gold Coast,Melbourne,Gold Coast,Tigerair,2014,5,643,556,158,245
Melbourne-Gold Coast,Melbourne,Gold Coast,Virgin Australia,2014,25,1747,1737,346,356
Melbourne-Hamilton Island,Melbourne,Hamilton Island,Jetstar,2014,2,197,202,22,17
Melbourne-Hamilton Island,Melbourne,Hamilton Island,Virgin Australia,2014,1,170,163,16,23
Melbourne-Hobart,Melbourne,Hobart,Jetstar,2014,19,1781,1833,377,325
Melbourne-Hobart,Melbourne,Hobart,Qantas,2014,0,282,280,20,22
Melbourne-Hobart,Melbourne,Hobart,QantasLink,2014,14,556,521,400,435
Melbourne-Hobart,Melbourne,Hobart,Tigerair,2014,0,255,238,87,104
Melbourne-Hobart,Melbourne,Hobart,Virgin Australia,2014,12,1420,1370,226,276
Melbourne-Launceston,Melbourne,Launceston,Jetstar,2014,10,1253,1260,237,230
Melbourne-Launceston,Melbourne,Launceston,QantasLink,2014,32,1220,1120,204,304
Melbourne-Launceston,Melbourne,Launceston,Virgin Australia,2014,14,1153,1121,204,236
Melbourne-Launceston,Melbourne,Launceston,Virgin Australia Regional Airlines,2014,0,5,6,3,2
Melbourne-Mildura,Melbourne,Mildura,QantasLink,2014,1,894,825,147,216
Melbourne-Mildura,Melbourne,Mildura,Regional Express,2014,0,904,871,63,96
Melbourne-Mildura,Melbourne,Mildura,Virgin Australia,2014,1,302,295,62,69
Melbourne-Newcastle,Melbourne,Newcastle,Jetstar,2014,5,976,994,229,211
Melbourne-Newcastle,Melbourne,Newcastle,Virgin Australia,2014,1,320,312,43,51
Melbourne-Perth,Melbourne,Perth,Jetstar,2014,18,793,794,138,137
Melbourne-Perth,Melbourne,Perth,Qantas,2014,7,2135,2067,466,534
Melbourne-Perth,Melbourne,Perth,Tigerair,2014,11,562,553,124,133
Melbourne-Perth,Melbourne,Perth,Virgin Australia,2014,15,1305,1342,319,282
Melbourne-Sunshine Coast,Melbourne,Sunshine Coast,Jetstar,2014,7,677,682,144,139
Melbourne-Sunshine Coast,Melbourne,Sunshine Coast,Tigerair,2014,2,151,132,24,43
Melbourne-Sunshine Coast,Melbourne,Sunshine Coast,Virgin Australia,2014,3,300,277,68,91
Melbourne-Sydney,Melbourne,Sydney,Jetstar,2014,123,2838,2873,903,868
Melbourne-Sydney,Melbourne,Sydney,Qantas,2014,334,9130,8776,1236,1590
Melbourne-Sydney,Melbourne,Sydney,Tigerair,2014,55,1998,2012,583,569
Melbourne-Sydney,Melbourne,Sydney,Virgin Australia,2014,387,7664,7417,1082,1329
Mildura-Melbourne,Mildura,Melbourne,QantasLink,2014,2,891,862,150,179
Mildura-Melbourne,Mildura,Melbourne,Regional Express,2014,1,852,820,117,149
Mildura-Melbourne,Mildura,Melbourne,Virgin Australia,2014,1,294,300,70,64
Moranbah-Brisbane,Moranbah,Brisbane,QantasLink,2014,89,1254,1234,210,230
Moranbah-Brisbane,Moranbah,Brisbane,Virgin Australia Regional Airlines,2014,17,896,865,104,135
Mount Isa-Brisbane,Mount Isa,Brisbane,Qantas,2014,4,600,607,67,60
Mount Isa-Brisbane,Mount Isa,Brisbane,Virgin Australia,2014,0,230,235,30,25
Newcastle-Brisbane,Newcastle,Brisbane,Jetstar,2014,7,1002,978,212,236
Newcastle-Brisbane,Newcastle,Brisbane,QantasLink,2014,18,566,535,250,281
Newcastle-Brisbane,Newcastle,Brisbane,Virgin Australia,2014,6,768,752,180,196
Newcastle-Melbourne,Newcastle,Melbourne,Jetstar,2014,10,1015,994,191,212
Newcastle-Melbourne,Newcastle,Melbourne,Virgin Australia,2014,3,284,281,78,81
Newman-Perth,Newman,Perth,Qantas,2014,38,1298,1302,70,66
Newman-Perth,Newman,Perth,QantasLink,2014,11,404,406,19,17
Newman-Perth,Newman,Perth,Virgin Australia,2014,4,349,349,33,33
Newman-Perth,Newman,Perth,Virgin Australia Regional Airlines,2014,1,78,79,17,16
Perth-Adelaide,Perth,Adelaide,Jetstar,2014,5,324,332,80,72
Perth-Adelaide,Perth,Adelaide,Qantas,2014,2,1292,1321,94,65
Perth-Adelaide,Perth,Adelaide,Virgin Australia,2014,10,702,718,53,37
Perth-Brisbane,Perth,Brisbane,Jetstar,2014,1,99,93,30,36
Perth-Brisbane,Perth,Brisbane,Qantas,2014,2,1358,1311,167,214
Perth-Brisbane,Perth,Brisbane,Virgin Australia,2014,1,955,919,129,165
Perth-Broome,Perth,Broome,Qantas,2014,0,367,365,27,29
Perth-Broome,Perth,Broome,QantasLink,2014,7,573,568,36,41
Perth-Broome,Perth,Broome,Virgin Australia,2014,12,419,418,38,39
Perth-Broome,Perth,Broome,Virgin Australia Regional Airlines,2014,2,146,141,43,48
Perth-Darwin,Perth,Darwin,Qantas,2014,1,405,398,21,28
Perth-Darwin,Perth,Darwin,Virgin Australia,2014,0,272,268,41,45
Perth-Geraldton,Perth,Geraldton,QantasLink,2014,3,586,577,44,53
Perth-Geraldton,Perth,Geraldton,Virgin Australia Regional Airlines,2014,2,984,943,107,148
Perth-Kalgoorlie,Perth,Kalgoorlie,Qantas,2014,5,419,418,20,21
Perth-Kalgoorlie,Perth,Kalgoorlie,QantasLink,2014,9,520,521,39,38
Perth-Kalgoorlie,Perth,Kalgoorlie,Virgin Australia,2014,3,439,451,62,50
Perth-Kalgoorlie,Perth,Kalgoorlie,Virgin Australia Regional Airlines,2014,0,135,134,25,26
Perth-Karratha,Perth,Karratha,Qantas,2014,44,1595,1596,75,74
Perth-Karratha,Perth,Karratha,QantasLink,2014,34,859,856,64,67
Perth-Karratha,Perth,Karratha,Virgin Australia,2014,14,819,830,72,61
Perth-Karratha,Perth,Karratha,Virgin Australia Regional Airlines,2014,2,96,103,27,20
Perth-Melbourne,Perth,Melbourne,Jetstar,2014,25,712,701,215,226
Perth-Melbourne,Perth,Melbourne,Qantas,2014,15,2229,2286,368,311
Perth-Melbourne,Perth,Melbourne,Tigerair,2014,17,518,500,162,180
Perth-Melbourne,Perth,Melbourne,Virgin Australia,2014,14,1421,1419,203,205
Perth-Newman,Perth,Newman,Qantas,2014,33,1301,1307,72,66
Perth-Newman,Perth,Newman,QantasLink,2014,11,408,406,15,17
Perth-Newman,Perth,Newman,Virgin Australia,2014,2,341,343,41,39
Perth-Newman,Perth,Newman,Virgin Australia Regional Airlines,2014,1,82,85,13,10
Perth-Port Hedland,Perth,Port Hedland,Qantas,2014,21,1316,1315,52,53
Perth-Port Hedland,Perth,Port Hedland,QantasLink,2014,9,500,498,26,28
Perth-Port Hedland,Perth,Port Hedland,Virgin Australia,2014,5,521,527,35,29
Perth-Sydney,Perth,Sydney,Jetstar,2014,15,299,289,88,98
Perth-Sydney,Perth,Sydney,Qantas,2014,1,2086,2144,307,249
Perth-Sydney,Perth,Sydney,Tigerair,2014,11,248,249,37,36
Perth-Sydney,Perth,Sydney,Virgin Australia,2014,12,1203,1275,162,90
Port Hedland-Perth,Port Hedland,Perth,Qantas,2014,26,1230,1245,133,118
Port Hedland-Perth,Port Hedland,Perth,QantasLink,2014,8,490,491,40,39
Port Hedland-Perth,Port Hedland,Perth,Virgin Australia,2014,7,500,491,53,62
Port Lincoln-Adelaide,Port Lincoln,Adelaide,QantasLink,2014,14,1049,1027,95,117
Port Lincoln-Adelaide,Port Lincoln,Adelaide,Regional Express,2014,9,2218,2180,158,196
Port Macquarie-Sydney,Port Macquarie,Sydney,QantasLink,2014,12,1143,1004,454,593
Port Macquarie-Sydney,Port Macquarie,Sydney,Virgin Australia Regional Airlines,2014,5,578,544,140,174
Proserpine-Brisbane,Proserpine,Brisbane,Jetstar,2014,2,318,317,32,33
Proserpine-Brisbane,Proserpine,Brisbane,Virgin Australia,2014,13,532,512,81,101
Rockhampton-Brisbane,Rockhampton,Brisbane,QantasLink,2014,51,1850,1774,451,527
Rockhampton-Brisbane,Rockhampton,Brisbane,Virgin Australia,2014,22,1030,999,166,197
Rockhampton-Brisbane,Rockhampton,Brisbane,Virgin Australia Regional Airlines,2014,37,1124,1108,127,143
Sunshine Coast-Melbourne,Sunshine Coast,Melbourne,Jetstar,2014,12,633,638,187,182
Sunshine Coast-Melbourne,Sunshine Coast,Melbourne,Tigerair,2014,2,131,129,45,47
Sunshine Coast-Melbourne,Sunshine Coast,Melbourne,Virgin Australia,2014,4,244,258,123,109
Sunshine Coast-Sydney,Sunshine Coast,Sydney,Jetstar,2014,11,1034,1036,169,167
Sunshine Coast-Sydney,Sunshine Coast,Sydney,Virgin Australia,2014,4,303,313,67,57
Sydney-Adelaide,Sydney,Adelaide,Jetstar,2014,14,1126,1135,324,315
Sydney-Adelaide,Sydney,Adelaide,Qantas,2014,6,2603,2603,309,309
Sydney-Adelaide,Sydney,Adelaide,QantasLink,2014,8,121,112,55,64
Sydney-Adelaide,Sydney,Adelaide,Tigerair,2014,3,243,234,24,33
Sydney-Adelaide,Sydney,Adelaide,Virgin Australia,2014,9,1773,1803,221,191
Sydney-Albury,Sydney,Albury,QantasLink,2014,9,1008,954,253,307
Sydney-Albury,Sydney,Albury,Regional Express,2014,4,1018,1024,203,197
Sydney-Albury,Sydney,Albury,Virgin Australia Regional Airlines,2014,4,629,623,92,98
Sydney-Alice Springs,Sydney,Alice Springs,Qantas,2014,0,194,192,18,20
Sydney-Alice Springs,Sydney,Alice Springs,Tigerair,2014,0,102,102,11,11
Sydney-Armidale,Sydney,Armidale,QantasLink,2014,12,652,618,136,170
Sydney-Armidale,Sydney,Armidale,Regional Express,2014,1,386,388,67,65
Sydney-Ayers Rock,Sydney,Ayers Rock,Jetstar,2014,1,252,255,30,27
Sydney-Ayers Rock,Sydney,Ayers Rock,Virgin Australia,2014,1,333,324,32,41
Sydney-Ballina,Sydney,Ballina,Jetstar,2014,3,659,639,123,143
Sydney-Ballina,Sydney,Ballina,Regional Express,2014,2,287,287,43,43
Sydney-Ballina,Sydney,Ballina,Virgin Australia,2014,6,321,313,38,46
Sydney-Brisbane,Sydney,Brisbane,Jetstar,2014,91,1392,1444,461,409
Sydney-Brisbane,Sydney,Brisbane,Qantas,2014,135,5813,5453,1020,1380
Sydney-Brisbane,Sydney,Brisbane,Tigerair,2014,12,798,722,204,280
Sydney-Brisbane,Sydney,Brisbane,Virgin Australia,2014,178,5343,5120,856,1079
Sydney-Cairns,Sydney,Cairns,Jetstar,2014,8,961,975,127,113
Sydney-Cairns,Sydney,Cairns,Qantas,2014,2,721,735,109,95
Sydney-Cairns,Sydney,Cairns,Tigerair,2014,2,307,283,37,61
Sydney-Cairns,Sydney,Cairns,Virgin Australia,2014,9,910,879,124,155
Sydney-Canberra,Sydney,Canberra,Qantas,2014,3,367,351,28,44
Sydney-Canberra,Sydney,Canberra,QantasLink,2014,283,4861,4810,809,860
Sydney-Canberra,Sydney,Canberra,Virgin Australia,2014,12,475,475,56,56
Sydney-Canberra,Sydney,Canberra,Virgin Australia Regional Airlines,2014,72,2484,2499,356,341
Sydney-Coffs Harbour,Sydney,Coffs Harbour,Qantas,2014,0,2,2,0,0
Sydney-Coffs Harbour,Sydney,Coffs Harbour,QantasLink,2014,9,1537,1495,267,309
Sydney-Coffs Harbour,Sydney,Coffs Harbour,Tigerair,2014,4,133,132,37,38
Sydney-Coffs Harbour,Sydney,Coffs Harbour,Virgin Australia,2014,17,634,636,60,58
Sydney-Darwin,Sydney,Darwin,Jetstar,2014,4,294,287,39,46
Sydney-Darwin,Sydney,Darwin,Qantas,2014,1,513,513,110,110
Sydney-Darwin,Sydney,Darwin,Virgin Australia,2014,1,327,303,35,59
Sydney-Dubbo,Sydney,Dubbo,QantasLink,2014,5,1187,1120,276,343
Sydney-Dubbo,Sydney,Dubbo,Regional Express,2014,7,1468,1499,212,181
Sydney-Gold Coast,Sydney,Gold Coast,Jetstar,2014,93,3362,3365,522,519
Sydney-Gold Coast,Sydney,Gold Coast,Qantas,2014,0,1003,1014,74,63
Sydney-Gold Coast,Sydney,Gold Coast,Tigerair,2014,9,651,632,129,148
Sydney-Gold Coast,Sydney,Gold Coast,Virgin Australia,2014,67,2980,2929,449,500
Sydney-Hamilton Island,Sydney,Hamilton Island,Jetstar,2014,5,273,275,50,48
Sydney-Hamilton Island,Sydney,Hamilton Island,Qantas,2014,0,34,37,6,3
Sydney-Hamilton Island,Sydney,Hamilton Island,Virgin Australia,2014,6,320,312,41,49
Sydney-Hobart,Sydney,Hobart,Jetstar,2014,2,770,808,145,107
Sydney-Hobart,Sydney,Hobart,Qantas,2014,0,95,101,9,3
Sydney-Hobart,Sydney,Hobart,QantasLink,2014,1,228,220,44,52
Sydney-Hobart,Sydney,Hobart,Virgin Australia,2014,0,659,655,54,58
Sydney-Launceston,Sydney,Launceston,Jetstar,2014,0,549,567,137,119
Sydney-Launceston,Sydney,Launceston,Virgin Australia,2014,0,323,323,42,42
Sydney-Melbourne,Sydney,Melbourne,Jetstar,2014,114,2981,2964,767,784
Sydney-Melbourne,Sydney,Melbourne,Qantas,2014,337,9066,8739,1291,1618
Sydney-Melbourne,Sydney,Melbourne,Tigerair,2014,57,1946,1885,631,692
Sydney-Melbourne,Sydney,Melbourne,Virgin Australia,2014,385,7432,7209,1314,1537
Sydney-Perth,Sydney,Perth,Jetstar,2014,7,316,343,76,49
Sydney-Perth,Sydney,Perth,Qantas,2014,1,2000,2001,444,443
Sydney-Perth,Sydney,Perth,Tigerair,2014,7,254,243,38,49
Sydney-Perth,Sydney,Perth,Virgin Australia,2014,12,1129,1163,236,202
Sydney-Port Macquarie,Sydney,Port Macquarie,QantasLink,2014,12,1314,1129,283,468
Sydney-Port Macquarie,Sydney,Port Macquarie,Virgin Australia Regional Airlines,2014,3,614,606,105,113
Sydney-Sunshine Coast,Sydney,Sunshine Coast,Jetstar,2014,5,1080,1095,131,116
Sydney-Sunshine Coast,Sydney,Sunshine Coast,Virgin Australia,2014,3,325,327,46,44
Sydney-Townsville,Sydney,Townsville,Jetstar,2014,2,247,240,32,39
Sydney-Townsville,Sydney,Townsville,Virgin Australia,2014,3,305,279,38,64
Sydney-Wagga Wagga,Sydney,Wagga Wagga,QantasLink,2014,4,1109,1061,227,275
Sydney-Wagga Wagga,Sydney,Wagga Wagga,Regional Express,2014,5,1367,1348,123,142
Townsville-Brisbane,Townsville,Brisbane,Jetstar,2014,6,445,448,117,114
Townsville-Brisbane,Townsville,Brisbane,Qantas,2014,6,1624,1580,137,181
Townsville-Brisbane,Townsville,Brisbane,Virgin Australia,2014,25,1557,1581,263,239
Townsville-Cairns,Townsville,Cairns,QantasLink,2014,11,276,280,56,52
Townsville-Cairns,Townsville,Cairns,Virgin Australia Regional Airlines,2014,1,15,15,0,0
Townsville-Sydney,Townsville,Sydney,Jetstar,2014,3,228,234,53,47
Townsville-Sydney,Townsville,Sydney,Virgin Australia,2014,3,243,271,100,72
Wagga Wagga-Sydney,Wagga Wagga,Sydney,QantasLink,2014,4,1057,1057,279,279
Wagga Wagga-Sydney,Wagga Wagga,Sydney,Regional Express,2014,4,1351,1289,132,194
Adelaide-Alice Springs,Adelaide,Alice Springs,Qantas,2015,0,196,200,18,14
Adelaide-Alice Springs,Adelaide,Alice Springs,Virgin Australia,2015,0,81,83,12,10
Adelaide-Brisbane,Adelaide,Brisbane,Jetstar,2015,0,292,298,39,33
Adelaide-Brisbane,Adelaide,Brisbane,Qantas,2015,1,1232,1199,82,115
Adelaide-Brisbane,Adelaide,Brisbane,Tigerair,2015,0,271,271,24,24
Adelaide-Brisbane,Adelaide,Brisbane,Virgin Australia,2015,8,1263,1249,95,109
Adelaide-Canberra,Adelaide,Canberra,Qantas,2015,0,502,500,35,37
Adelaide-Canberra,Adelaide,Canberra,QantasLink,2015,0,44,45,5,4
Adelaide-Canberra,Adelaide,Canberra,Virgin Australia,2015,1,296,296,17,17
Adelaide-Gold Coast,Adelaide,Gold Coast,Jetstar,2015,1,375,374,52,53
Adelaide-Gold Coast,Adelaide,Gold Coast,Virgin Australia,2015,2,355,352,10,13
Adelaide-Melbourne,Adelaide,Melbourne,Jetstar,2015,48,980,1041,292,231
Adelaide-Melbourne,Adelaide,Melbourne,Qantas,2015,10,3138,3172,292,258
Adelaide-Melbourne,Adelaide,Melbourne,Tigerair,2015,4,754,758,110,106
Adelaide-Melbourne,Adelaide,Melbourne,Virgin Australia,2015,41,3090,3078,272,284
Adelaide-Perth,Adelaide,Perth,Jetstar,2015,3,317,343,79,53
Adelaide-Perth,Adelaide,Perth,Qantas,2015,2,1272,1275,91,88
Adelaide-Perth,Adelaide,Perth,Virgin Australia,2015,6,813,800,50,63
Adelaide-Port Lincoln,Adelaide,Port Lincoln,QantasLink,2015,9,1111,1100,164,175
Adelaide-Port Lincoln,Adelaide,Port Lincoln,Regional Express,2015,11,2268,2208,113,173
Adelaide-Sydney,Adelaide,Sydney,Jetstar,2015,43,1215,1214,235,236
Adelaide-Sydney,Adelaide,Sydney,Qantas,2015,7,2659,2596,198,261
Adelaide-Sydney,Adelaide,Sydney,QantasLink,2015,17,179,185,63,57
Adelaide-Sydney,Adelaide,Sydney,Tigerair,2015,2,328,328,43,43
Adelaide-Sydney,Adelaide,Sydney,Virgin Australia,2015,13,1895,1860,145,180
Albury-Sydney,Albury,Sydney,QantasLink,2015,8,932,907,171,196
Albury-Sydney,Albury,Sydney,Regional Express,2015,6,1073,1022,89,140
Albury-Sydney,Albury,Sydney,Virgin Australia Regional Airlines,2015,3,608,584,118,142
Alice Springs-Adelaide,Alice Springs,Adelaide,Qantas,2015,0,188,191,26,23
Alice Springs-Adelaide,Alice Springs,Adelaide,Virgin Australia,2015,1,82,85,10,7
Alice Springs-Darwin,Alice Springs,Darwin,QantasLink,2015,0,373,374,24,23
Alice Springs-Darwin,Alice Springs,Darwin,Virgin Australia,2015,0,79,83,14,10
Armidale-Sydney,Armidale,Sydney,QantasLink,2015,45,1194,1234,355,315
Armidale-Sydney,Armidale,Sydney,Regional Express,2015,3,740,639,121,222
Ayers Rock-Sydney,Ayers Rock,Sydney,Jetstar,2015,3,266,273,60,53
Ayers Rock-Sydney,Ayers Rock,Sydney,Virgin Australia,2015,3,307,334,55,28
Ballina-Sydney,Ballina,Sydney,Jetstar,2015,5,624,664,247,207
Ballina-Sydney,Ballina,Sydney,Regional Express,2015,4,211,197,54,68
Ballina-Sydney,Ballina,Sydney,Virgin Australia,2015,2,334,337,31,28
Brisbane-Adelaide,Brisbane,Adelaide,Jetstar,2015,0,313,310,18,21
Brisbane-Adelaide,Brisbane,Adelaide,Qantas,2015,0,1216,1240,99,75
Brisbane-Adelaide,Brisbane,Adelaide,Tigerair,2015,0,254,258,41,37
Brisbane-Adelaide,Brisbane,Adelaide,Virgin Australia,2015,4,1270,1261,103,112
Brisbane-Bundaberg,Brisbane,Bundaberg,QantasLink,2015,17,1393,1378,153,168
Brisbane-Bundaberg,Brisbane,Bundaberg,Virgin Australia Regional Airlines,2015,5,388,390,63,61
Brisbane-Cairns,Brisbane,Cairns,Jetstar,2015,8,1013,1048,248,213
Brisbane-Cairns,Brisbane,Cairns,Qantas,2015,0,1250,1271,164,143
Brisbane-Cairns,Brisbane,Cairns,QantasLink,2015,0,45,45,7,7
Brisbane-Cairns,Brisbane,Cairns,Tigerair,2015,0,311,312,39,38
Brisbane-Cairns,Brisbane,Cairns,Virgin Australia,2015,2,1478,1468,131,141
Brisbane-Canberra,Brisbane,Canberra,Qantas,2015,0,301,300,12,13
Brisbane-Canberra,Brisbane,Canberra,QantasLink,2015,18,1323,1321,192,194
Brisbane-Canberra,Brisbane,Canberra,Virgin Australia,2015,3,1019,1016,97,100
Brisbane-Darwin,Brisbane,Darwin,Jetstar,2015,3,233,241,68,60
Brisbane-Darwin,Brisbane,Darwin,Qantas,2015,0,521,485,29,65
Brisbane-Darwin,Brisbane,Darwin,Tigerair,2015,1,235,217,23,41
Brisbane-Darwin,Brisbane,Darwin,Virgin Australia,2015,0,335,323,31,43
Brisbane-Emerald,Brisbane,Emerald,QantasLink,2015,40,1477,1419,161,219
Brisbane-Emerald,Brisbane,Emerald,Virgin Australia Regional Airlines,2015,13,785,709,139,215
Brisbane-Gladstone,Brisbane,Gladstone,QantasLink,2015,87,2203,2168,167,202
Brisbane-Gladstone,Brisbane,Gladstone,Virgin Australia,2015,6,227,230,24,21
Brisbane-Gladstone,Brisbane,Gladstone,Virgin Australia Regional Airlines,2015,39,1275,1238,197,234
Brisbane-Hamilton Island,Brisbane,Hamilton Island,QantasLink,2015,2,221,207,21,35
Brisbane-Hamilton Island,Brisbane,Hamilton Island,Virgin Australia,2015,2,339,332,23,30
Brisbane-Hobart,Brisbane,Hobart,Jetstar,2015,0,306,304,47,49
Brisbane-Hobart,Brisbane,Hobart,Qantas,2015,0,2,2,0,0
Brisbane-Hobart,Brisbane,Hobart,Virgin Australia,2015,0,347,336,18,29
Brisbane-Mackay,Brisbane,Mackay,Jetstar,2015,3,508,531,151,128
Brisbane-Mackay,Brisbane,Mackay,QantasLink,2015,31,1138,1149,112,101
Brisbane-Mackay,Brisbane,Mackay,Virgin Australia,2015,18,1689,1691,137,135
Brisbane-Melbourne,Brisbane,Melbourne,Jetstar,2015,49,1090,1183,377,284
Brisbane-Melbourne,Brisbane,Melbourne,Qantas,2015,27,4671,4597,457,531
Brisbane-Melbourne,Brisbane,Melbourne,Tigerair,2015,20,1156,1140,249,265
Brisbane-Melbourne,Brisbane,Melbourne,Virgin Australia,2015,109,4240,3981,405,664
Brisbane-Moranbah,Brisbane,Moranbah,QantasLink,2015,102,1214,1197,107,124
Brisbane-Moranbah,Brisbane,Moranbah,Virgin Australia Regional Airlines,2015,10,746,745,107,108
Brisbane-Mount Isa,Brisbane,Mount Isa,Qantas,2015,0,486,474,20,32
Brisbane-Mount Isa,Brisbane,Mount Isa,Virgin Australia,2015,0,246,248,15,13
Brisbane-Newcastle,Brisbane,Newcastle,Jetstar,2015,12,859,865,129,123
Brisbane-Newcastle,Brisbane,Newcastle,QantasLink,2015,12,795,738,130,187
Brisbane-Newcastle,Brisbane,Newcastle,Virgin Australia,2015,4,915,915,70,70
Brisbane-Perth,Brisbane,Perth,Qantas,2015,1,1306,1322,243,227
Brisbane-Perth,Brisbane,Perth,Virgin Australia,2015,2,1043,1091,240,192
Brisbane-Proserpine,Brisbane,Proserpine,Jetstar,2015,1,287,290,59,56
Brisbane-Proserpine,Brisbane,Proserpine,Virgin Australia,2015,2,593,586,33,40
Brisbane-Rockhampton,Brisbane,Rockhampton,QantasLink,2015,56,2053,2031,245,267
Brisbane-Rockhampton,Brisbane,Rockhampton,Virgin Australia,2015,31,1150,1145,106,111
Brisbane-Rockhampton,Brisbane,Rockhampton,Virgin Australia Regional Airlines,2015,65,894,879,167,182
Brisbane-Sydney,Brisbane,Sydney,Jetstar,2015,95,1583,1615,457,425
Brisbane-Sydney,Brisbane,Sydney,Qantas,2015,123,6591,6465,618,744
Brisbane-Sydney,Brisbane,Sydney,Tigerair,2015,9,980,975,162,167
Brisbane-Sydney,Brisbane,Sydney,Virgin Australia,2015,166,5902,5757,525,670
Brisbane-Townsville,Brisbane,Townsville,Jetstar,2015,2,528,534,93,87
Brisbane-Townsville,Brisbane,Townsville,Qantas,2015,1,1564,1575,198,187
Brisbane-Townsville,Brisbane,Townsville,Virgin Australia,2015,13,1651,1635,171,187
Broome-Perth,Broome,Perth,Qantas,2015,3,268,306,90,52
Broome-Perth,Broome,Perth,QantasLink,2015,6,563,573,56,46
Broome-Perth,Broome,Perth,Virgin Australia,2015,2,158,165,35,28
Broome-Perth,Broome,Perth,Virgin Australia Regional Airlines,2015,2,281,252,144,173
Bundaberg-Brisbane,Bundaberg,Brisbane,QantasLink,2015,17,1392,1338,156,210
Bundaberg-Brisbane,Bundaberg,Brisbane,Virgin Australia Regional Airlines,2015,5,381,390,69,60
Cairns-Brisbane,Cairns,Brisbane,Jetstar,2015,8,1034,1083,221,172
Cairns-Brisbane,Cairns,Brisbane,Qantas,2015,2,1272,1261,140,151
Cairns-Brisbane,Cairns,Brisbane,QantasLink,2015,0,49,48,3,4
Cairns-Brisbane,Cairns,Brisbane,Tigerair,2015,1,290,264,59,85
Cairns-Brisbane,Cairns,Brisbane,Virgin Australia,2015,1,1465,1475,145,135
Cairns-Melbourne,Cairns,Melbourne,Jetstar,2015,10,857,887,291,261
Cairns-Melbourne,Cairns,Melbourne,Qantas,2015,0,363,370,59,52
Cairns-Melbourne,Cairns,Melbourne,Tigerair,2015,1,302,296,98,104
Cairns-Melbourne,Cairns,Melbourne,Virgin Australia,2015,0,352,355,41,38
Cairns-Sydney,Cairns,Sydney,Jetstar,2015,9,979,990,206,195
Cairns-Sydney,Cairns,Sydney,Qantas,2015,0,770,777,115,108
Cairns-Sydney,Cairns,Sydney,Tigerair,2015,0,315,326,77,66
Cairns-Sydney,Cairns,Sydney,Virgin Australia,2015,6,971,988,99,82
Cairns-Townsville,Cairns,Townsville,QantasLink,2015,15,512,505,40,47
Cairns-Townsville,Cairns,Townsville,Regional Express,2015,1,233,235,15,13
Canberra-Adelaide,Canberra,Adelaide,Qantas,2015,2,490,503,45,32
Canberra-Adelaide,Canberra,Adelaide,QantasLink,2015,0,37,39,12,10
Canberra-Adelaide,Canberra,Adelaide,Virgin Australia,2015,1,289,291,24,22
Canberra-Brisbane,Canberra,Brisbane,Qantas,2015,0,290,293,23,20
Canberra-Brisbane,Canberra,Brisbane,QantasLink,2015,25,1238,1224,270,284
Canberra-Brisbane,Canberra,Brisbane,Virgin Australia,2015,7,1005,984,108,129
Canberra-Melbourne,Canberra,Melbourne,Qantas,2015,5,1997,1989,166,174
Canberra-Melbourne,Canberra,Melbourne,QantasLink,2015,44,828,809,129,148
Canberra-Melbourne,Canberra,Melbourne,Virgin Australia,2015,17,1641,1628,159,172
Canberra-Melbourne,Canberra,Melbourne,Virgin Australia Regional Airlines,2015,12,306,273,31,64
Canberra-Sydney,Canberra,Sydney,QantasLink,2015,370,4779,4779,727,727
Canberra-Sydney,Canberra,Sydney,Virgin Australia,2015,10,234,235,31,30
Canberra-Sydney,Canberra,Sydney,Virgin Australia Regional Airlines,2015,110,2732,2716,306,322
Coffs Harbour-Sydney,Coffs Harbour,Sydney,QantasLink,2015,24,1458,1440,328,346
Coffs Harbour-Sydney,Coffs Harbour,Sydney,Tigerair,2015,2,132,129,21,24
Coffs Harbour-Sydney,Coffs Harbour,Sydney,Virgin Australia,2015,15,644,651,62,55
Darwin-Alice Springs,Darwin,Alice Springs,QantasLink,2015,0,374,372,23,25
Darwin-Alice Springs,Darwin,Alice Springs,Virgin Australia,2015,0,89,87,4,6
Darwin-Brisbane,Darwin,Brisbane,Jetstar,2015,4,228,253,72,47
Darwin-Brisbane,Darwin,Brisbane,Qantas,2015,1,456,483,93,66
Darwin-Brisbane,Darwin,Brisbane,Tigerair,2015,5,214,223,37,28
Darwin-Brisbane,Darwin,Brisbane,Virgin Australia,2015,0,310,276,56,90
Darwin-Melbourne,Darwin,Melbourne,Jetstar,2015,5,211,225,103,89
Darwin-Melbourne,Darwin,Melbourne,Qantas,2015,0,307,310,35,32
Darwin-Melbourne,Darwin,Melbourne,Virgin Australia,2015,0,312,300,63,75
Darwin-Perth,Darwin,Perth,Qantas,2015,1,433,431,25,27
Darwin-Perth,Darwin,Perth,Virgin Australia,2015,0,321,312,43,52
Darwin-Sydney,Darwin,Sydney,Jetstar,2015,1,175,186,130,119
Darwin-Sydney,Darwin,Sydney,Qantas,2015,2,490,486,77,81
Darwin-Sydney,Darwin,Sydney,Virgin Australia,2015,0,281,276,86,91
Dubbo-Sydney,Dubbo,Sydney,QantasLink,2015,14,1143,1144,320,319
Dubbo-Sydney,Dubbo,Sydney,Regional Express,2015,4,1509,1427,168,250
Emerald-Brisbane,Emerald,Brisbane,QantasLink,2015,49,1386,1390,246,242
Emerald-Brisbane,Emerald,Brisbane,Virgin Australia Regional Airlines,2015,17,786,785,134,135
Geraldton-Perth,Geraldton,Perth,QantasLink,2015,2,546,553,53,46
Geraldton-Perth,Geraldton,Perth,Virgin Australia Regional Airlines,2015,4,928,928,113,113
Gladstone-Brisbane,Gladstone,Brisbane,QantasLink,2015,93,2117,2126,271,262
Gladstone-Brisbane,Gladstone,Brisbane,Virgin Australia,2015,6,221,223,29,27
Gladstone-Brisbane,Gladstone,Brisbane,Virgin Australia Regional Airlines,2015,48,1233,1204,229,258
Gold Coast-Adelaide,Gold Coast,Adelaide,Jetstar,2015,1,380,378,47,49
Gold Coast-Adelaide,Gold Coast,Adelaide,Virgin Australia,2015,2,335,333,29,31
Gold Coast-Melbourne,Gold Coast,Melbourne,Jetstar,2015,54,2026,2143,494,377
Gold Coast-Melbourne,Gold Coast,Melbourne,Qantas,2015,0,60,58,8,10
Gold Coast-Melbourne,Gold Coast,Melbourne,Tigerair,2015,12,701,735,256,222
Gold Coast-Melbourne,Gold Coast,Melbourne,Virgin Australia,2015,20,1944,1981,249,212
Gold Coast-Sydney,Gold Coast,Sydney,Jetstar,2015,106,2915,3001,762,676
Gold Coast-Sydney,Gold Coast,Sydney,Qantas,2015,2,997,1006,99,90
Gold Coast-Sydney,Gold Coast,Sydney,QantasLink,2015,0,17,18,4,3
Gold Coast-Sydney,Gold Coast,Sydney,Tigerair,2015,15,1058,1051,201,208
Gold Coast-Sydney,Gold Coast,Sydney,Virgin Australia,2015,51,2631,2630,353,354
Hamilton Island-Brisbane,Hamilton Island,Brisbane,QantasLink,2015,2,183,223,59,19
Hamilton Island-Brisbane,Hamilton Island,Brisbane,Virgin Australia,2015,4,318,320,43,41
Hamilton Island-Melbourne,Hamilton Island,Melbourne,Jetstar,2015,1,87,90,9,6
Hamilton Island-Melbourne,Hamilton Island,Melbourne,Qantas,2015,0,33,37,10,6
Hamilton Island-Melbourne,Hamilton Island,Melbourne,Virgin Australia,2015,0,160,166,27,21
Hamilton Island-Sydney,Hamilton Island,Sydney,Jetstar,2015,4,215,235,93,73
Hamilton Island-Sydney,Hamilton Island,Sydney,Qantas,2015,3,92,99,38,31
Hamilton Island-Sydney,Hamilton Island,Sydney,Virgin Australia,2015,5,310,326,55,39
Hobart-Brisbane,Hobart,Brisbane,Jetstar,2015,0,270,267,83,86
Hobart-Brisbane,Hobart,Brisbane,Qantas,2015,0,1,1,0,0
Hobart-Brisbane,Hobart,Brisbane,Virgin Australia,2015,1,286,295,78,69
Hobart-Melbourne,Hobart,Melbourne,Jetstar,2015,21,1527,1582,680,625
Hobart-Melbourne,Hobart,Melbourne,Qantas,2015,0,24,26,8,6
Hobart-Melbourne,Hobart,Melbourne,QantasLink,2015,15,1101,1078,311,334
Hobart-Melbourne,Hobart,Melbourne,Tigerair,2015,0,280,271,92,101
Hobart-Melbourne,Hobart,Melbourne,Virgin Australia,2015,9,1522,1484,187,225
Hobart-Sydney,Hobart,Sydney,Jetstar,2015,6,672,669,225,228
Hobart-Sydney,Hobart,Sydney,Qantas,2015,0,6,11,9,4
Hobart-Sydney,Hobart,Sydney,QantasLink,2015,5,299,282,71,88
Hobart-Sydney,Hobart,Sydney,Virgin Australia,2015,0,642,640,93,95
Kalgoorlie-Perth,Kalgoorlie,Perth,Qantas,2015,1,190,193,22,19
Kalgoorlie-Perth,Kalgoorlie,Perth,QantasLink,2015,7,704,710,57,51
Kalgoorlie-Perth,Kalgoorlie,Perth,Virgin Australia,2015,3,381,380,21,22
Kalgoorlie-Perth,Kalgoorlie,Perth,Virgin Australia Regional Airlines,2015,0,231,231,41,41
Karratha-Perth,Karratha,Perth,Qantas,2015,41,1019,1020,54,53
Karratha-Perth,Karratha,Perth,QantasLink,2015,36,1315,1294,81,102
Karratha-Perth,Karratha,Perth,Virgin Australia,2015,27,646,646,49,49
Karratha-Perth,Karratha,Perth,Virgin Australia Regional Airlines,2015,6,256,242,48,62
Launceston-Melbourne,Launceston,Melbourne,Jetstar,2015,29,1214,1235,384,363
Launceston-Melbourne,Launceston,Melbourne,QantasLink,2015,59,1163,1122,200,241
Launceston-Melbourne,Launceston,Melbourne,Virgin Australia,2015,3,986,938,122,170
Launceston-Melbourne,Launceston,Melbourne,Virgin Australia Regional Airlines,2015,1,34,35,18,17
Launceston-Sydney,Launceston,Sydney,Jetstar,2015,8,509,506,131,134
Launceston-Sydney,Launceston,Sydney,Virgin Australia,2015,0,319,315,48,52
Mackay-Brisbane,Mackay,Brisbane,Jetstar,2015,9,462,499,190,153
Mackay-Brisbane,Mackay,Brisbane,QantasLink,2015,37,1135,1153,110,92
Mackay-Brisbane,Mackay,Brisbane,Virgin Australia,2015,22,1674,1686,148,136
Melbourne-Adelaide,Melbourne,Adelaide,Jetstar,2015,47,950,941,322,331
Melbourne-Adelaide,Melbourne,Adelaide,Qantas,2015,5,3104,3136,331,299
Melbourne-Adelaide,Melbourne,Adelaide,Tigerair,2015,6,788,774,77,91
Melbourne-Adelaide,Melbourne,Adelaide,Virgin Australia,2015,43,3064,3034,276,306
Melbourne-Brisbane,Melbourne,Brisbane,Jetstar,2015,45,1016,1079,453,390
Melbourne-Brisbane,Melbourne,Brisbane,Qantas,2015,36,4520,4365,566,721
Melbourne-Brisbane,Melbourne,Brisbane,Tigerair,2015,16,1136,1135,276,277
Melbourne-Brisbane,Melbourne,Brisbane,Virgin Australia,2015,121,4251,4017,359,593
Melbourne-Cairns,Melbourne,Cairns,Jetstar,2015,8,833,885,318,266
Melbourne-Cairns,Melbourne,Cairns,Qantas,2015,0,356,383,66,39
Melbourne-Cairns,Melbourne,Cairns,Tigerair,2015,0,360,349,41,52
Melbourne-Cairns,Melbourne,Cairns,Virgin Australia,2015,0,362,351,31,42
Melbourne-Canberra,Melbourne,Canberra,Qantas,2015,6,1963,1943,199,219
Melbourne-Canberra,Melbourne,Canberra,QantasLink,2015,53,796,777,153,172
Melbourne-Canberra,Melbourne,Canberra,Virgin Australia,2015,14,1662,1643,140,159
Melbourne-Canberra,Melbourne,Canberra,Virgin Australia Regional Airlines,2015,13,269,252,69,86
Melbourne-Darwin,Melbourne,Darwin,Jetstar,2015,0,234,256,84,62
Melbourne-Darwin,Melbourne,Darwin,Qantas,2015,0,319,319,23,23
Melbourne-Darwin,Melbourne,Darwin,Virgin Australia,2015,0,340,331,37,46
Melbourne-Gold Coast,Melbourne,Gold Coast,Jetstar,2015,51,1916,1936,609,589
Melbourne-Gold Coast,Melbourne,Gold Coast,Qantas,2015,0,59,59,9,9
Melbourne-Gold Coast,Melbourne,Gold Coast,Tigerair,2015,7,860,786,99,173
Melbourne-Gold Coast,Melbourne,Gold Coast,Virgin Australia,2015,15,1996,1976,202,222
Melbourne-Hamilton Island,Melbourne,Hamilton Island,Jetstar,2015,1,89,92,7,4
Melbourne-Hamilton Island,Melbourne,Hamilton Island,Qantas,2015,0,41,42,2,1
Melbourne-Hamilton Island,Melbourne,Hamilton Island,Virgin Australia,2015,0,169,165,18,22
Melbourne-Hobart,Melbourne,Hobart,Jetstar,2015,15,1694,1727,522,489
Melbourne-Hobart,Melbourne,Hobart,Qantas,2015,0,26,26,5,5
Melbourne-Hobart,Melbourne,Hobart,QantasLink,2015,10,1032,1014,385,403
Melbourne-Hobart,Melbourne,Hobart,Tigerair,2015,0,310,296,62,76
Melbourne-Hobart,Melbourne,Hobart,Virgin Australia,2015,6,1555,1546,158,167
Melbourne-Launceston,Melbourne,Launceston,Jetstar,2015,29,1283,1283,317,317
Melbourne-Launceston,Melbourne,Launceston,QantasLink,2015,51,1171,1094,200,277
Melbourne-Launceston,Melbourne,Launceston,Virgin Australia,2015,2,992,959,115,148
Melbourne-Launceston,Melbourne,Launceston,Virgin Australia Regional Airlines,2015,1,44,42,8,10
Melbourne-Mildura,Melbourne,Mildura,QantasLink,2015,4,922,890,134,166
Melbourne-Mildura,Melbourne,Mildura,Regional Express,2015,0,879,864,77,92
Melbourne-Mildura,Melbourne,Mildura,Virgin Australia,2015,0,340,334,25,31
Melbourne-Newcastle,Melbourne,Newcastle,Jetstar,2015,9,947,963,248,232
Melbourne-Newcastle,Melbourne,Newcastle,Virgin Australia,2015,4,348,338,29,39
Melbourne-Perth,Melbourne,Perth,Jetstar,2015,104,613,674,175,114
Melbourne-Perth,Melbourne,Perth,Qantas,2015,10,2101,2135,477,443
Melbourne-Perth,Melbourne,Perth,Tigerair,2015,4,588,567,99,120
Melbourne-Perth,Melbourne,Perth,Virgin Australia,2015,8,1418,1464,260,214
Melbourne-Sunshine Coast,Melbourne,Sunshine Coast,Jetstar,2015,5,685,729,242,198
Melbourne-Sunshine Coast,Melbourne,Sunshine Coast,Virgin Australia,2015,3,361,363,44,42
Melbourne-Sydney,Melbourne,Sydney,Jetstar,2015,214,2906,2970,1120,1056
Melbourne-Sydney,Melbourne,Sydney,Qantas,2015,371,10108,9796,1419,1731
Melbourne-Sydney,Melbourne,Sydney,Tigerair,2015,43,2310,2245,491,556
Melbourne-Sydney,Melbourne,Sydney,Virgin Australia,2015,336,8354,8090,701,965
Mildura-Melbourne,Mildura,Melbourne,QantasLink,2015,10,940,906,109,143
Mildura-Melbourne,Mildura,Melbourne,Regional Express,2015,1,835,783,118,170
Mildura-Melbourne,Mildura,Melbourne,Virgin Australia,2015,0,335,337,30,28
Moranbah-Brisbane,Moranbah,Brisbane,QantasLink,2015,105,1132,1151,135,116
Moranbah-Brisbane,Moranbah,Brisbane,Virgin Australia Regional Airlines,2015,11,750,738,102,114
Mount Isa-Brisbane,Mount Isa,Brisbane,Qantas,2015,5,457,467,44,34
Mount Isa-Brisbane,Mount Isa,Brisbane,Virgin Australia,2015,0,248,250,13,11
Newcastle-Brisbane,Newcastle,Brisbane,Jetstar,2015,10,836,808,153,181
Newcastle-Brisbane,Newcastle,Brisbane,QantasLink,2015,11,769,757,159,171
Newcastle-Brisbane,Newcastle,Brisbane,Virgin Australia,2015,7,888,877,96,107
Newcastle-Melbourne,Newcastle,Melbourne,Jetstar,2015,9,997,987,197,207
Newcastle-Melbourne,Newcastle,Melbourne,Virgin Australia,2015,6,307,312,68,63
Newman-Perth,Newman,Perth,Qantas,2015,7,934,928,36,42
Newman-Perth,Newman,Perth,QantasLink,2015,8,778,777,34,35
Newman-Perth,Newman,Perth,Virgin Australia,2015,4,278,278,23,23
Newman-Perth,Newman,Perth,Virgin Australia Regional Airlines,2015,0,72,71,9,10
Perth-Adelaide,Perth,Adelaide,Jetstar,2015,7,309,319,81,71
Perth-Adelaide,Perth,Adelaide,Qantas,2015,1,1347,1358,70,59
Perth-Adelaide,Perth,Adelaide,Virgin Australia,2015,6,817,820,57,54
Perth-Brisbane,Perth,Brisbane,Qantas,2015,1,1383,1322,168,229
Perth-Brisbane,Perth,Brisbane,Virgin Australia,2015,1,1176,1150,110,136
Perth-Broome,Perth,Broome,Qantas,2015,3,330,333,28,25
Perth-Broome,Perth,Broome,QantasLink,2015,4,581,573,41,49
Perth-Broome,Perth,Broome,Virgin Australia,2015,0,175,178,20,17
Perth-Broome,Perth,Broome,Virgin Australia Regional Airlines,2015,0,332,293,69,108
Perth-Darwin,Perth,Darwin,Qantas,2015,1,441,442,17,16
Perth-Darwin,Perth,Darwin,Virgin Australia,2015,0,333,332,29,30
Perth-Geraldton,Perth,Geraldton,QantasLink,2015,2,553,546,46,53
Perth-Geraldton,Perth,Geraldton,Virgin Australia Regional Airlines,2015,1,873,864,115,124
Perth-Kalgoorlie,Perth,Kalgoorlie,Qantas,2015,1,192,188,18,22
Perth-Kalgoorlie,Perth,Kalgoorlie,QantasLink,2015,6,711,709,52,54
Perth-Kalgoorlie,Perth,Kalgoorlie,Virgin Australia,2015,3,383,383,22,22
Perth-Kalgoorlie,Perth,Kalgoorlie,Virgin Australia Regional Airlines,2015,0,221,213,51,59
Perth-Karratha,Perth,Karratha,Qantas,2015,32,1048,1040,34,42
Perth-Karratha,Perth,Karratha,QantasLink,2015,34,1321,1295,82,108
Perth-Karratha,Perth,Karratha,Virgin Australia,2015,24,662,638,36,60
Perth-Karratha,Perth,Karratha,Virgin Australia Regional Airlines,2015,3,264,232,43,75
Perth-Melbourne,Perth,Melbourne,Jetstar,2015,109,618,636,166,148
Perth-Melbourne,Perth,Melbourne,Qantas,2015,10,2223,2228,355,350
Perth-Melbourne,Perth,Melbourne,Tigerair,2015,9,594,570,90,114
Perth-Melbourne,Perth,Melbourne,Virgin Australia,2015,8,1472,1442,196,226
Perth-Newman,Perth,Newman,Qantas,2015,7,937,934,33,36
Perth-Newman,Perth,Newman,QantasLink,2015,7,779,774,35,40
Perth-Newman,Perth,Newman,Virgin Australia,2015,4,277,273,24,28
Perth-Newman,Perth,Newman,Virgin Australia Regional Airlines,2015,1,73,72,7,8
Perth-Port Hedland,Perth,Port Hedland,Qantas,2015,27,1094,1094,60,60
Perth-Port Hedland,Perth,Port Hedland,QantasLink,2015,11,560,521,35,74
Perth-Port Hedland,Perth,Port Hedland,Virgin Australia,2015,2,486,480,28,34
Perth-Sydney,Perth,Sydney,Jetstar,2015,3,270,294,88,64
Perth-Sydney,Perth,Sydney,Qantas,2015,4,2130,2083,294,341
Perth-Sydney,Perth,Sydney,Tigerair,2015,5,284,268,19,35
Perth-Sydney,Perth,Sydney,Virgin Australia,2015,9,1257,1259,135,133
Port Hedland-Perth,Port Hedland,Perth,Qantas,2015,30,1087,1093,64,58
Port Hedland-Perth,Port Hedland,Perth,QantasLink,2015,15,546,547,46,45
Port Hedland-Perth,Port Hedland,Perth,Virgin Australia,2015,3,477,472,35,40
Port Lincoln-Adelaide,Port Lincoln,Adelaide,QantasLink,2015,11,1114,1104,159,169
Port Lincoln-Adelaide,Port Lincoln,Adelaide,Regional Express,2015,15,2233,2200,141,174
Port Macquarie-Sydney,Port Macquarie,Sydney,QantasLink,2015,30,1096,936,477,637
Port Macquarie-Sydney,Port Macquarie,Sydney,Virgin Australia Regional Airlines,2015,7,596,586,123,133
Proserpine-Brisbane,Proserpine,Brisbane,Jetstar,2015,3,270,281,73,62
Proserpine-Brisbane,Proserpine,Brisbane,Virgin Australia,2015,2,573,579,53,47
Rockhampton-Brisbane,Rockhampton,Brisbane,QantasLink,2015,57,1886,1826,349,409
Rockhampton-Brisbane,Rockhampton,Brisbane,Virgin Australia,2015,35,1141,1157,113,97
Rockhampton-Brisbane,Rockhampton,Brisbane,Virgin Australia Regional Airlines,2015,63,920,918,133,135
Sunshine Coast-Melbourne,Sunshine Coast,Melbourne,Jetstar,2015,8,629,683,296,242
Sunshine Coast-Melbourne,Sunshine Coast,Melbourne,Virgin Australia,2015,5,345,344,58,59
Sunshine Coast-Sydney,Sunshine Coast,Sydney,Jetstar,2015,15,935,983,315,267
Sunshine Coast-Sydney,Sunshine Coast,Sydney,QantasLink,2015,0,7,7,3,3
Sunshine Coast-Sydney,Sunshine Coast,Sydney,Virgin Australia,2015,4,338,338,28,28
Sydney-Adelaide,Sydney,Adelaide,Jetstar,2015,34,1145,1160,313,298
Sydney-Adelaide,Sydney,Adelaide,Qantas,2015,4,2472,2500,335,307
Sydney-Adelaide,Sydney,Adelaide,QantasLink,2015,15,195,191,48,52
Sydney-Adelaide,Sydney,Adelaide,Tigerair,2015,1,331,332,41,40
Sydney-Adelaide,Sydney,Adelaide,Virgin Australia,2015,10,1868,1850,174,192
Sydney-Albury,Sydney,Albury,QantasLink,2015,5,903,919,203,187
Sydney-Albury,Sydney,Albury,Regional Express,2015,3,1001,983,167,185
Sydney-Albury,Sydney,Albury,Virgin Australia Regional Airlines,2015,3,614,612,113,115
Sydney-Armidale,Sydney,Armidale,QantasLink,2015,33,1242,1188,320,374
Sydney-Armidale,Sydney,Armidale,Regional Express,2015,1,730,732,125,123
Sydney-Ayers Rock,Sydney,Ayers Rock,Jetstar,2015,1,277,274,50,53
Sydney-Ayers Rock,Sydney,Ayers Rock,Virgin Australia,2015,0,335,311,30,54
Sydney-Ballina,Sydney,Ballina,Jetstar,2015,3,686,688,189,187
Sydney-Ballina,Sydney,Ballina,Regional Express,2015,1,251,247,28,32
Sydney-Ballina,Sydney,Ballina,Virgin Australia,2015,2,355,343,10,22
Sydney-Brisbane,Sydney,Brisbane,Jetstar,2015,91,1561,1539,479,501
Sydney-Brisbane,Sydney,Brisbane,Qantas,2015,110,6413,6114,812,1111
Sydney-Brisbane,Sydney,Brisbane,Tigerair,2015,9,1013,968,131,176
Sydney-Brisbane,Sydney,Brisbane,Virgin Australia,2015,167,5849,5564,614,899
Sydney-Cairns,Sydney,Cairns,Jetstar,2015,8,942,990,243,195
Sydney-Cairns,Sydney,Cairns,Qantas,2015,0,808,782,77,103
Sydney-Cairns,Sydney,Cairns,Tigerair,2015,0,372,338,19,53
Sydney-Cairns,Sydney,Cairns,Virgin Australia,2015,3,970,966,102,106
Sydney-Canberra,Sydney,Canberra,QantasLink,2015,359,4636,4669,887,854
Sydney-Canberra,Sydney,Canberra,Virgin Australia,2015,9,242,246,21,17
Sydney-Canberra,Sydney,Canberra,Virgin Australia Regional Airlines,2015,108,2647,2671,394,370
Sydney-Coffs Harbour,Sydney,Coffs Harbour,QantasLink,2015,22,1447,1475,343,315
Sydney-Coffs Harbour,Sydney,Coffs Harbour,Tigerair,2015,1,140,137,15,18
Sydney-Coffs Harbour,Sydney,Coffs Harbour,Virgin Australia,2015,12,656,653,52,55
Sydney-Darwin,Sydney,Darwin,Jetstar,2015,1,219,221,86,84
Sydney-Darwin,Sydney,Darwin,Qantas,2015,0,450,482,117,85
Sydney-Darwin,Sydney,Darwin,Virgin Australia,2015,0,345,322,22,45
Sydney-Dubbo,Sydney,Dubbo,QantasLink,2015,16,1045,1079,416,382
Sydney-Dubbo,Sydney,Dubbo,Regional Express,2015,3,1492,1520,185,157
Sydney-Gold Coast,Sydney,Gold Coast,Jetstar,2015,92,2997,2983,697,711
Sydney-Gold Coast,Sydney,Gold Coast,Qantas,2015,1,1027,1043,71,55
Sydney-Gold Coast,Sydney,Gold Coast,QantasLink,2015,0,17,18,4,3
Sydney-Gold Coast,Sydney,Gold Coast,Tigerair,2015,11,1136,1089,125,172
Sydney-Gold Coast,Sydney,Gold Coast,Virgin Australia,2015,45,2694,2631,294,357
Sydney-Hamilton Island,Sydney,Hamilton Island,Jetstar,2015,1,253,245,61,69
Sydney-Hamilton Island,Sydney,Hamilton Island,Qantas,2015,2,126,117,5,14
Sydney-Hamilton Island,Sydney,Hamilton Island,Virgin Australia,2015,3,339,325,28,42
Sydney-Hobart,Sydney,Hobart,Jetstar,2015,4,749,764,150,135
Sydney-Hobart,Sydney,Hobart,Qantas,2015,0,13,10,2,5
Sydney-Hobart,Sydney,Hobart,QantasLink,2015,4,317,304,54,67
Sydney-Hobart,Sydney,Hobart,Virgin Australia,2015,1,691,684,43,50
Sydney-Launceston,Sydney,Launceston,Jetstar,2015,1,533,557,113,89
Sydney-Launceston,Sydney,Launceston,Virgin Australia,2015,0,321,329,47,39
Sydney-Melbourne,Sydney,Melbourne,Jetstar,2015,208,2974,3066,1050,958
Sydney-Melbourne,Sydney,Melbourne,Qantas,2015,364,10122,9829,1378,1671
Sydney-Melbourne,Sydney,Melbourne,Tigerair,2015,43,2231,2254,569,546
Sydney-Melbourne,Sydney,Melbourne,Virgin Australia,2015,343,8121,7865,895,1151
Sydney-Perth,Sydney,Perth,Jetstar,2015,0,286,311,76,51
Sydney-Perth,Sydney,Perth,Qantas,2015,2,2071,2118,407,360
Sydney-Perth,Sydney,Perth,Tigerair,2015,2,292,276,13,29
Sydney-Perth,Sydney,Perth,Virgin Australia,2015,7,1228,1235,166,159
Sydney-Port Macquarie,Sydney,Port Macquarie,QantasLink,2015,23,1261,1063,321,519
Sydney-Port Macquarie,Sydney,Port Macquarie,Virgin Australia Regional Airlines,2015,9,607,606,110,111
Sydney-Sunshine Coast,Sydney,Sunshine Coast,Jetstar,2015,12,1014,1048,244,210
Sydney-Sunshine Coast,Sydney,Sunshine Coast,QantasLink,2015,0,8,8,2,2
Sydney-Sunshine Coast,Sydney,Sunshine Coast,Virgin Australia,2015,3,350,346,17,21
Sydney-Tamworth,Sydney,Tamworth,QantasLink,2015,22,470,476,123,117
Sydney-Tamworth,Sydney,Tamworth,Virgin Australia Regional Airlines,2015,0,88,88,17,17
Sydney-Townsville,Sydney,Townsville,Jetstar,2015,2,222,247,67,42
Sydney-Townsville,Sydney,Townsville,Qantas,2015,0,1,1,1,1
Sydney-Townsville,Sydney,Townsville,Virgin Australia,2015,0,314,301,26,39
Sydney-Wagga Wagga,Sydney,Wagga Wagga,QantasLink,2015,4,1066,1070,274,270
Sydney-Wagga Wagga,Sydney,Wagga Wagga,Regional Express,2015,2,1335,1328,149,156
Tamworth-Sydney,Tamworth,Sydney,QantasLink,2015,25,474,464,116,126
Tamworth-Sydney,Tamworth,Sydney,Virgin Australia Regional Airlines,2015,0,85,83,20,22
Townsville-Brisbane,Townsville,Brisbane,Jetstar,2015,4,497,518,122,101
Townsville-Brisbane,Townsville,Brisbane,Qantas,2015,2,1655,1671,106,90
Townsville-Brisbane,Townsville,Brisbane,Virgin Australia,2015,16,1620,1675,198,143
Townsville-Cairns,Townsville,Cairns,QantasLink,2015,16,517,523,34,28
Townsville-Cairns,Townsville,Cairns,Regional Express,2015,0,237,235,12,14
Townsville-Sydney,Townsville,Sydney,Jetstar,2015,2,210,225,79,64
Townsville-Sydney,Townsville,Sydney,Qantas,2015,0,1,1,1,1
Townsville-Sydney,Townsville,Sydney,Virgin Australia,2015,0,279,279,62,62
Wagga Wagga-Sydney,Wagga Wagga,Sydney,QantasLink,2015,9,1091,1096,244,239
Wagga Wagga-Sydney,Wagga Wagga,Sydney,Regional Express,2015,2,1322,1245,165,242
Adelaide-Alice Springs,Adelaide,Alice Springs,Qantas,2016,1,350,341,15,24
Adelaide-Alice Springs,Adelaide,Alice Springs,Virgin Australia,2016,1,149,143,10,16
Adelaide-Brisbane,Adelaide,Brisbane,Jetstar,2016,1,271,268,54,57
Adelaide-Brisbane,Adelaide,Brisbane,Qantas,2016,0,1265,1261,98,102
Adelaide-Brisbane,Adelaide,Brisbane,QantasLink,2016,4,39,36,6,9
Adelaide-Brisbane,Adelaide,Brisbane,Tigerair Australia,2016,1,246,250,42,38
Adelaide-Brisbane,Adelaide,Brisbane,Virgin Australia,2016,7,1205,1244,152,113
Adelaide-Canberra,Adelaide,Canberra,Qantas,2016,0,492,502,45,35
Adelaide-Canberra,Adelaide,Canberra,Virgin Australia,2016,2,276,280,36,32
Adelaide-Gold Coast,Adelaide,Gold Coast,Jetstar,2016,5,338,357,80,61
Adelaide-Gold Coast,Adelaide,Gold Coast,Virgin Australia,2016,0,359,359,14,14
Adelaide-Melbourne,Adelaide,Melbourne,Jetstar,2016,34,855,955,419,319
Adelaide-Melbourne,Adelaide,Melbourne,Qantas,2016,14,2932,2905,417,444
Adelaide-Melbourne,Adelaide,Melbourne,Tigerair Australia,2016,10,739,747,167,159
Adelaide-Melbourne,Adelaide,Melbourne,Virgin Australia,2016,48,2879,2882,465,462
Adelaide-Perth,Adelaide,Perth,Jetstar,2016,5,287,287,67,67
Adelaide-Perth,Adelaide,Perth,Qantas,2016,3,1249,1232,115,132
Adelaide-Perth,Adelaide,Perth,QantasLink,2016,0,10,11,3,2
Adelaide-Perth,Adelaide,Perth,Virgin Australia,2016,6,793,753,82,122
Adelaide-Port Lincoln,Adelaide,Port Lincoln,QantasLink,2016,16,1189,1172,116,133
Adelaide-Port Lincoln,Adelaide,Port Lincoln,Regional Express,2016,21,2266,2198,147,215
Adelaide-Sydney,Adelaide,Sydney,Jetstar,2016,33,929,998,345,276
Adelaide-Sydney,Adelaide,Sydney,Qantas,2016,15,2535,2494,226,267
Adelaide-Sydney,Adelaide,Sydney,QantasLink,2016,21,237,249,71,59
Adelaide-Sydney,Adelaide,Sydney,Tigerair Australia,2016,3,405,420,136,121
Adelaide-Sydney,Adelaide,Sydney,Virgin Australia,2016,19,1776,1784,198,190
Albury-Sydney,Albury,Sydney,QantasLink,2016,22,973,963,248,258
Albury-Sydney,Albury,Sydney,Regional Express,2016,1,1061,1041,113,133
Albury-Sydney,Albury,Sydney,Virgin Australia,2016,8,578,568,145,155
Alice Springs-Adelaide,Alice Springs,Adelaide,Qantas,2016,2,295,303,69,61
Alice Springs-Adelaide,Alice Springs,Adelaide,Virgin Australia,2016,2,139,143,19,15
Alice Springs-Darwin,Alice Springs,Darwin,QantasLink,2016,5,587,591,52,48
Alice Springs-Darwin,Alice Springs,Darwin,Virgin Australia,2016,1,140,141,16,15
Armidale-Sydney,Armidale,Sydney,QantasLink,2016,40,1023,1056,416,383
Armidale-Sydney,Armidale,Sydney,Regional Express,2016,10,708,649,141,200
Ayers Rock-Sydney,Ayers Rock,Sydney,Jetstar,2016,5,241,262,89,68
Ayers Rock-Sydney,Ayers Rock,Sydney,Virgin Australia,2016,3,279,316,84,47
Ballina-Sydney,Ballina,Sydney,Jetstar,2016,3,641,704,282,219
Ballina-Sydney,Ballina,Sydney,Regional Express,2016,2,230,209,57,78
Ballina-Sydney,Ballina,Sydney,Virgin Australia,2016,2,345,343,41,43
Brisbane-Adelaide,Brisbane,Adelaide,Jetstar,2016,1,295,293,29,31
Brisbane-Adelaide,Brisbane,Adelaide,Qantas,2016,0,1256,1254,107,109
Brisbane-Adelaide,Brisbane,Adelaide,QantasLink,2016,5,37,39,7,5
Brisbane-Adelaide,Brisbane,Adelaide,Tigerair Australia,2016,0,248,252,41,37
Brisbane-Adelaide,Brisbane,Adelaide,Virgin Australia,2016,6,1245,1219,131,157
Brisbane-Bundaberg,Brisbane,Bundaberg,QantasLink,2016,5,1415,1409,167,173
Brisbane-Bundaberg,Brisbane,Bundaberg,Virgin Australia,2016,0,326,329,41,38
Brisbane-Cairns,Brisbane,Cairns,Jetstar,2016,17,948,1049,310,209
Brisbane-Cairns,Brisbane,Cairns,Qantas,2016,0,1296,1329,143,110
Brisbane-Cairns,Brisbane,Cairns,QantasLink,2016,0,54,57,19,16
Brisbane-Cairns,Brisbane,Cairns,Tigerair Australia,2016,0,311,313,47,45
Brisbane-Cairns,Brisbane,Cairns,Virgin Australia,2016,0,1477,1505,154,126
Brisbane-Canberra,Brisbane,Canberra,Qantas,2016,0,373,370,17,20
Brisbane-Canberra,Brisbane,Canberra,QantasLink,2016,21,1220,1228,157,149
Brisbane-Canberra,Brisbane,Canberra,Virgin Australia,2016,3,1039,1046,97,90
Brisbane-Darwin,Brisbane,Darwin,Jetstar,2016,1,242,260,58,40
Brisbane-Darwin,Brisbane,Darwin,Qantas,2016,0,535,527,24,32
Brisbane-Darwin,Brisbane,Darwin,Tigerair Australia,2016,0,240,235,18,23
Brisbane-Darwin,Brisbane,Darwin,Virgin Australia,2016,0,339,331,29,37
Brisbane-Emerald,Brisbane,Emerald,QantasLink,2016,41,1437,1379,134,192
Brisbane-Emerald,Brisbane,Emerald,Virgin Australia,2016,1,799,782,51,68
Brisbane-Gladstone,Brisbane,Gladstone,QantasLink,2016,71,1931,1839,192,284
Brisbane-Gladstone,Brisbane,Gladstone,Virgin Australia,2016,38,1299,1299,155,155
Brisbane-Hamilton Island,Brisbane,Hamilton Island,QantasLink,2016,6,323,321,43,45
Brisbane-Hamilton Island,Brisbane,Hamilton Island,Virgin Australia,2016,2,341,336,24,29
Brisbane-Hobart,Brisbane,Hobart,Jetstar,2016,0,317,318,20,19
Brisbane-Hobart,Brisbane,Hobart,Qantas,2016,0,6,6,0,0
Brisbane-Hobart,Brisbane,Hobart,Virgin Australia,2016,0,343,343,27,27
Brisbane-Mackay,Brisbane,Mackay,Jetstar,2016,1,386,411,161,136
Brisbane-Mackay,Brisbane,Mackay,QantasLink,2016,27,1119,1113,135,141
Brisbane-Mackay,Brisbane,Mackay,Virgin Australia,2016,17,1601,1609,175,167
Brisbane-Melbourne,Brisbane,Melbourne,Jetstar,2016,55,1086,1153,350,283
Brisbane-Melbourne,Brisbane,Melbourne,Qantas,2016,29,4519,4331,529,717
Brisbane-Melbourne,Brisbane,Melbourne,Tigerair Australia,2016,16,1214,1200,251,265
Brisbane-Melbourne,Brisbane,Melbourne,Virgin Australia,2016,143,4085,3729,467,823
Brisbane-Moranbah,Brisbane,Moranbah,QantasLink,2016,115,1047,1040,102,109
Brisbane-Moranbah,Brisbane,Moranbah,Virgin Australia,2016,10,676,663,80,93
Brisbane-Mount Isa,Brisbane,Mount Isa,Qantas,2016,1,280,275,6,11
Brisbane-Mount Isa,Brisbane,Mount Isa,QantasLink,2016,5,339,343,37,33
Brisbane-Mount Isa,Brisbane,Mount Isa,Virgin Australia,2016,0,216,214,8,10
Brisbane-Newcastle,Brisbane,Newcastle,Jetstar,2016,16,777,795,223,205
Brisbane-Newcastle,Brisbane,Newcastle,QantasLink,2016,23,985,981,125,129
Brisbane-Newcastle,Brisbane,Newcastle,Virgin Australia,2016,9,954,954,100,100
Brisbane-Perth,Brisbane,Perth,Qantas,2016,1,1371,1339,205,237
Brisbane-Perth,Brisbane,Perth,Virgin Australia,2016,3,1109,1032,206,283
Brisbane-Proserpine,Brisbane,Proserpine,Jetstar,2016,0,254,281,96,69
Brisbane-Proserpine,Brisbane,Proserpine,Virgin Australia,2016,1,413,414,26,25
Brisbane-Rockhampton,Brisbane,Rockhampton,QantasLink,2016,22,1940,1923,267,284
Brisbane-Rockhampton,Brisbane,Rockhampton,Virgin Australia,2016,51,1921,1914,236,243
Brisbane-Sydney,Brisbane,Sydney,Jetstar,2016,99,1463,1521,556,498
Brisbane-Sydney,Brisbane,Sydney,Qantas,2016,77,6596,6453,661,804
Brisbane-Sydney,Brisbane,Sydney,Tigerair Australia,2016,17,1005,1002,192,195
Brisbane-Sydney,Brisbane,Sydney,Virgin Australia,2016,176,5778,5674,565,669
Brisbane-Townsville,Brisbane,Townsville,Jetstar,2016,3,435,429,95,101
Brisbane-Townsville,Brisbane,Townsville,Qantas,2016,1,1207,1231,137,113
Brisbane-Townsville,Brisbane,Townsville,QantasLink,2016,6,332,330,52,54
Brisbane-Townsville,Brisbane,Townsville,Virgin Australia,2016,17,1567,1585,163,145
Broome-Perth,Broome,Perth,Qantas,2016,1,198,201,37,34
Broome-Perth,Broome,Perth,QantasLink,2016,7,655,672,86,69
Broome-Perth,Broome,Perth,Virgin Australia,2016,1,61,63,9,7
Broome-Perth,Broome,Perth,Virgin Australia Regional Airlines,2016,3,446,416,157,187
Bundaberg-Brisbane,Bundaberg,Brisbane,QantasLink,2016,7,1430,1412,150,168
Bundaberg-Brisbane,Bundaberg,Brisbane,Virgin Australia,2016,1,314,321,52,45
Cairns-Brisbane,Cairns,Brisbane,Jetstar,2016,22,1041,1068,215,188
Cairns-Brisbane,Cairns,Brisbane,Qantas,2016,0,1348,1329,92,111
Cairns-Brisbane,Cairns,Brisbane,QantasLink,2016,2,56,55,15,16
Cairns-Brisbane,Cairns,Brisbane,Tigerair Australia,2016,0,315,309,43,49
Cairns-Brisbane,Cairns,Brisbane,Virgin Australia,2016,0,1497,1484,133,146
Cairns-Melbourne,Cairns,Melbourne,Jetstar,2016,7,857,847,338,348
Cairns-Melbourne,Cairns,Melbourne,Qantas,2016,0,389,362,102,129
Cairns-Melbourne,Cairns,Melbourne,Tigerair Australia,2016,2,371,367,95,99
Cairns-Melbourne,Cairns,Melbourne,Virgin Australia,2016,0,319,297,76,98
Cairns-Sydney,Cairns,Sydney,Jetstar,2016,21,1016,1017,192,191
Cairns-Sydney,Cairns,Sydney,Qantas,2016,2,784,810,154,128
Cairns-Sydney,Cairns,Sydney,Tigerair Australia,2016,0,419,413,80,86
Cairns-Sydney,Cairns,Sydney,Virgin Australia,2016,2,968,983,118,103
Cairns-Townsville,Cairns,Townsville,QantasLink,2016,22,1553,1552,124,125
Cairns-Townsville,Cairns,Townsville,Regional Express,2016,10,647,648,16,15
Canberra-Adelaide,Canberra,Adelaide,Qantas,2016,0,495,498,42,39
Canberra-Adelaide,Canberra,Adelaide,Virgin Australia,2016,4,275,268,35,42
Canberra-Brisbane,Canberra,Brisbane,Qantas,2016,0,374,375,16,15
Canberra-Brisbane,Canberra,Brisbane,QantasLink,2016,22,1176,1172,199,203
Canberra-Brisbane,Canberra,Brisbane,Virgin Australia,2016,4,1038,1021,96,113
Canberra-Melbourne,Canberra,Melbourne,Qantas,2016,17,2153,2111,193,235
Canberra-Melbourne,Canberra,Melbourne,QantasLink,2016,33,756,744,168,180
Canberra-Melbourne,Canberra,Melbourne,Tigerair Australia,2016,0,7,8,17,16
Canberra-Melbourne,Canberra,Melbourne,Virgin Australia,2016,54,1831,1757,260,334
Canberra-Sydney,Canberra,Sydney,Qantas,2016,1,53,54,6,5
Canberra-Sydney,Canberra,Sydney,QantasLink,2016,274,4432,4481,788,739
Canberra-Sydney,Canberra,Sydney,Virgin Australia,2016,150,2759,2767,392,384
Coffs Harbour-Sydney,Coffs Harbour,Sydney,QantasLink,2016,33,1421,1406,362,377
Coffs Harbour-Sydney,Coffs Harbour,Sydney,Tigerair Australia,2016,1,142,140,15,17
Coffs Harbour-Sydney,Coffs Harbour,Sydney,Virgin Australia,2016,8,628,630,77,75
Darwin-Alice Springs,Darwin,Alice Springs,QantasLink,2016,5,607,599,32,40
Darwin-Alice Springs,Darwin,Alice Springs,Virgin Australia,2016,1,149,144,7,12
Darwin-Brisbane,Darwin,Brisbane,Jetstar,2016,2,240,261,58,37
Darwin-Brisbane,Darwin,Brisbane,Qantas,2016,0,499,515,60,44
Darwin-Brisbane,Darwin,Brisbane,Tigerair Australia,2016,1,242,238,15,19
Darwin-Brisbane,Darwin,Brisbane,Virgin Australia,2016,1,319,289,49,79
Darwin-Melbourne,Darwin,Melbourne,Jetstar,2016,3,207,245,123,85
Darwin-Melbourne,Darwin,Melbourne,Qantas,2016,0,329,334,58,53
Darwin-Melbourne,Darwin,Melbourne,Virgin Australia,2016,2,311,304,55,62
Darwin-Perth,Darwin,Perth,Qantas,2016,0,409,414,27,22
Darwin-Perth,Darwin,Perth,Virgin Australia,2016,0,326,325,42,43
Darwin-Sydney,Darwin,Sydney,Jetstar,2016,5,234,254,68,48
Darwin-Sydney,Darwin,Sydney,Qantas,2016,0,474,498,118,94
Darwin-Sydney,Darwin,Sydney,Virgin Australia,2016,0,295,291,71,75
Dubbo-Sydney,Dubbo,Sydney,QantasLink,2016,29,1145,1133,320,332
Dubbo-Sydney,Dubbo,Sydney,Regional Express,2016,20,1515,1446,205,274
Emerald-Brisbane,Emerald,Brisbane,QantasLink,2016,49,1349,1365,212,196
Emerald-Brisbane,Emerald,Brisbane,Virgin Australia,2016,3,805,803,46,48
Geraldton-Perth,Geraldton,Perth,QantasLink,2016,2,509,514,52,47
Geraldton-Perth,Geraldton,Perth,Virgin Australia Regional Airlines,2016,6,597,597,79,79
Gladstone-Brisbane,Gladstone,Brisbane,QantasLink,2016,76,1846,1885,274,235
Gladstone-Brisbane,Gladstone,Brisbane,Virgin Australia,2016,44,1310,1303,139,146
Gold Coast-Adelaide,Gold Coast,Adelaide,Jetstar,2016,3,367,353,54,68
Gold Coast-Adelaide,Gold Coast,Adelaide,Virgin Australia,2016,1,336,313,37,60
Gold Coast-Melbourne,Gold Coast,Melbourne,Jetstar,2016,38,1700,1840,649,509
Gold Coast-Melbourne,Gold Coast,Melbourne,Qantas,2016,0,289,286,87,90
Gold Coast-Melbourne,Gold Coast,Melbourne,Tigerair Australia,2016,10,816,818,185,183
Gold Coast-Melbourne,Gold Coast,Melbourne,Virgin Australia,2016,20,1812,1833,399,378
Gold Coast-Sydney,Gold Coast,Sydney,Jetstar,2016,61,2684,2806,810,688
Gold Coast-Sydney,Gold Coast,Sydney,Qantas,2016,1,1012,1021,119,110
Gold Coast-Sydney,Gold Coast,Sydney,QantasLink,2016,6,110,108,47,49
Gold Coast-Sydney,Gold Coast,Sydney,Tigerair Australia,2016,14,1056,1080,294,270
Gold Coast-Sydney,Gold Coast,Sydney,Virgin Australia,2016,49,2596,2609,435,422
Hamilton Island-Brisbane,Hamilton Island,Brisbane,QantasLink,2016,6,304,316,62,50
Hamilton Island-Brisbane,Hamilton Island,Brisbane,Virgin Australia,2016,2,327,332,38,33
Hamilton Island-Melbourne,Hamilton Island,Melbourne,Qantas,2016,0,142,147,26,21
Hamilton Island-Melbourne,Hamilton Island,Melbourne,Virgin Australia,2016,2,229,229,30,30
Hamilton Island-Sydney,Hamilton Island,Sydney,Jetstar,2016,0,177,210,141,108
Hamilton Island-Sydney,Hamilton Island,Sydney,Qantas,2016,1,125,144,53,34
Hamilton Island-Sydney,Hamilton Island,Sydney,QantasLink,2016,0,85,85,37,37
Hamilton Island-Sydney,Hamilton Island,Sydney,Virgin Australia,2016,3,294,312,73,55
Hobart-Brisbane,Hobart,Brisbane,Jetstar,2016,0,290,305,43,28
Hobart-Brisbane,Hobart,Brisbane,Qantas,2016,0,4,6,2,0
Hobart-Brisbane,Hobart,Brisbane,Virgin Australia,2016,0,304,314,66,56
Hobart-Melbourne,Hobart,Melbourne,Jetstar,2016,30,1285,1323,858,820
Hobart-Melbourne,Hobart,Melbourne,Qantas,2016,0,27,27,8,8
Hobart-Melbourne,Hobart,Melbourne,QantasLink,2016,27,1320,1227,272,365
Hobart-Melbourne,Hobart,Melbourne,Tigerair Australia,2016,0,311,310,82,83
Hobart-Melbourne,Hobart,Melbourne,Virgin Australia,2016,12,1434,1366,273,341
Hobart-Sydney,Hobart,Sydney,Jetstar,2016,9,651,684,326,293
Hobart-Sydney,Hobart,Sydney,Qantas,2016,0,8,8,0,0
Hobart-Sydney,Hobart,Sydney,QantasLink,2016,9,554,533,69,90
Hobart-Sydney,Hobart,Sydney,Virgin Australia,2016,6,630,631,110,109
Kalgoorlie-Perth,Kalgoorlie,Perth,Qantas,2016,2,56,56,7,7
Kalgoorlie-Perth,Kalgoorlie,Perth,QantasLink,2016,5,789,801,105,93
Kalgoorlie-Perth,Kalgoorlie,Perth,Virgin Australia,2016,4,342,347,31,26
Kalgoorlie-Perth,Kalgoorlie,Perth,Virgin Australia Regional Airlines,2016,2,321,317,30,34
Karratha-Perth,Karratha,Perth,Qantas,2016,19,420,421,21,20
Karratha-Perth,Karratha,Perth,QantasLink,2016,67,1768,1769,152,151
Karratha-Perth,Karratha,Perth,Virgin Australia,2016,2,158,159,18,17
Karratha-Perth,Karratha,Perth,Virgin Australia Regional Airlines,2016,23,626,591,114,149
Launceston-Melbourne,Launceston,Melbourne,Jetstar,2016,20,1037,1061,524,500
Launceston-Melbourne,Launceston,Melbourne,QantasLink,2016,68,1100,1092,248,256
Launceston-Melbourne,Launceston,Melbourne,Virgin Australia,2016,3,1012,963,126,175
Launceston-Sydney,Launceston,Sydney,Jetstar,2016,6,397,412,210,195
Launceston-Sydney,Launceston,Sydney,Virgin Australia,2016,0,317,318,51,50
Mackay-Brisbane,Mackay,Brisbane,Jetstar,2016,3,361,393,182,150
Mackay-Brisbane,Mackay,Brisbane,QantasLink,2016,28,1065,1080,189,174
Mackay-Brisbane,Mackay,Brisbane,Virgin Australia,2016,19,1630,1631,146,145
Melbourne-Adelaide,Melbourne,Adelaide,Jetstar,2016,26,820,758,462,524
Melbourne-Adelaide,Melbourne,Adelaide,Qantas,2016,13,2950,2892,400,458
Melbourne-Adelaide,Melbourne,Adelaide,Tigerair Australia,2016,10,805,783,101,123
Melbourne-Adelaide,Melbourne,Adelaide,Virgin Australia,2016,48,2935,2842,373,466
Melbourne-Brisbane,Melbourne,Brisbane,Jetstar,2016,46,976,1036,468,408
Melbourne-Brisbane,Melbourne,Brisbane,Qantas,2016,37,4437,4395,612,654
Melbourne-Brisbane,Melbourne,Brisbane,Tigerair Australia,2016,16,1223,1208,244,259
Melbourne-Brisbane,Melbourne,Brisbane,Virgin Australia,2016,143,4032,3923,490,599
Melbourne-Cairns,Melbourne,Cairns,Jetstar,2016,3,757,812,440,385
Melbourne-Cairns,Melbourne,Cairns,Qantas,2016,0,416,426,75,65
Melbourne-Cairns,Melbourne,Cairns,Tigerair Australia,2016,0,418,400,52,70
Melbourne-Cairns,Melbourne,Cairns,Virgin Australia,2016,0,350,334,45,61
Melbourne-Canberra,Melbourne,Canberra,Qantas,2016,16,2111,2116,237,232
Melbourne-Canberra,Melbourne,Canberra,QantasLink,2016,47,720,701,191,210
Melbourne-Canberra,Melbourne,Canberra,Tigerair Australia,2016,0,17,16,7,8
Melbourne-Canberra,Melbourne,Canberra,Virgin Australia,2016,54,1849,1819,238,268
Melbourne-Darwin,Melbourne,Darwin,Jetstar,2016,1,260,267,73,66
Melbourne-Darwin,Melbourne,Darwin,Qantas,2016,0,358,351,29,36
Melbourne-Darwin,Melbourne,Darwin,Virgin Australia,2016,0,289,272,79,96
Melbourne-Gold Coast,Melbourne,Gold Coast,Jetstar,2016,30,1704,1708,656,652
Melbourne-Gold Coast,Melbourne,Gold Coast,Qantas,2016,0,312,306,64,70
Melbourne-Gold Coast,Melbourne,Gold Coast,Tigerair Australia,2016,8,900,886,101,115
Melbourne-Gold Coast,Melbourne,Gold Coast,Virgin Australia,2016,18,1922,1883,296,335
Melbourne-Hamilton Island,Melbourne,Hamilton Island,Qantas,2016,0,153,162,15,6
Melbourne-Hamilton Island,Melbourne,Hamilton Island,Virgin Australia,2016,2,237,240,22,19
Melbourne-Hobart,Melbourne,Hobart,Jetstar,2016,22,1531,1536,622,617
Melbourne-Hobart,Melbourne,Hobart,Qantas,2016,0,34,33,1,2
Melbourne-Hobart,Melbourne,Hobart,QantasLink,2016,30,1339,1306,250,283
Melbourne-Hobart,Melbourne,Hobart,Tigerair Australia,2016,0,337,334,56,59
Melbourne-Hobart,Melbourne,Hobart,Virgin Australia,2016,12,1516,1483,191,224
Melbourne-Launceston,Melbourne,Launceston,Jetstar,2016,19,1149,1161,416,404
Melbourne-Launceston,Melbourne,Launceston,QantasLink,2016,65,1132,1086,220,266
Melbourne-Launceston,Melbourne,Launceston,Virgin Australia,2016,2,1018,984,121,155
Melbourne-Mildura,Melbourne,Mildura,QantasLink,2016,12,928,915,186,199
Melbourne-Mildura,Melbourne,Mildura,Regional Express,2016,1,840,790,118,168
Melbourne-Mildura,Melbourne,Mildura,Virgin Australia,2016,0,326,303,39,62
Melbourne-Newcastle,Melbourne,Newcastle,Jetstar,2016,13,860,907,371,324
Melbourne-Newcastle,Melbourne,Newcastle,Virgin Australia,2016,2,334,319,39,54
Melbourne-Perth,Melbourne,Perth,Jetstar,2016,74,569,577,146,138
Melbourne-Perth,Melbourne,Perth,Qantas,2016,4,1883,1778,466,571
Melbourne-Perth,Melbourne,Perth,Tigerair Australia,2016,6,587,557,88,118
Melbourne-Perth,Melbourne,Perth,Virgin Australia,2016,4,1404,1342,289,351
Melbourne-Sunshine Coast,Melbourne,Sunshine Coast,Jetstar,2016,9,764,803,226,187
Melbourne-Sunshine Coast,Melbourne,Sunshine Coast,QantasLink,2016,0,6,5,3,4
Melbourne-Sunshine Coast,Melbourne,Sunshine Coast,Virgin Australia,2016,2,408,393,66,81
Melbourne-Sydney,Melbourne,Sydney,Jetstar,2016,184,2824,2881,1337,1280
Melbourne-Sydney,Melbourne,Sydney,Qantas,2016,469,9393,9223,1713,1883
Melbourne-Sydney,Melbourne,Sydney,Tigerair Australia,2016,44,2153,2118,632,667
Melbourne-Sydney,Melbourne,Sydney,Virgin Australia,2016,439,7953,7738,972,1187
Mildura-Melbourne,Mildura,Melbourne,QantasLink,2016,13,951,943,162,170
Mildura-Melbourne,Mildura,Melbourne,Regional Express,2016,4,759,721,196,234
Mildura-Melbourne,Mildura,Melbourne,Virgin Australia,2016,1,303,308,62,57
Moranbah-Brisbane,Moranbah,Brisbane,QantasLink,2016,110,1000,997,107,110
Moranbah-Brisbane,Moranbah,Brisbane,Virgin Australia,2016,12,689,685,64,68
Mount Isa-Brisbane,Mount Isa,Brisbane,Qantas,2016,1,272,280,14,6
Mount Isa-Brisbane,Mount Isa,Brisbane,QantasLink,2016,9,342,333,31,40
Mount Isa-Brisbane,Mount Isa,Brisbane,Virgin Australia,2016,0,207,207,19,19
Newcastle-Brisbane,Newcastle,Brisbane,Jetstar,2016,16,810,776,190,224
Newcastle-Brisbane,Newcastle,Brisbane,QantasLink,2016,27,981,1010,125,96
Newcastle-Brisbane,Newcastle,Brisbane,Virgin Australia,2016,13,951,954,101,98
Newcastle-Melbourne,Newcastle,Melbourne,Jetstar,2016,17,900,886,328,342
Newcastle-Melbourne,Newcastle,Melbourne,Virgin Australia,2016,3,298,276,75,97
Newman-Perth,Newman,Perth,Qantas,2016,10,810,803,38,45
Newman-Perth,Newman,Perth,QantasLink,2016,22,784,788,67,63
Newman-Perth,Newman,Perth,Virgin Australia,2016,2,184,178,11,17
Newman-Perth,Newman,Perth,Virgin Australia Regional Airlines,2016,3,231,222,29,38
Perth-Adelaide,Perth,Adelaide,Jetstar,2016,9,250,271,101,80
Perth-Adelaide,Perth,Adelaide,Qantas,2016,4,1318,1341,98,75
Perth-Adelaide,Perth,Adelaide,QantasLink,2016,0,12,12,1,1
Perth-Adelaide,Perth,Adelaide,Virgin Australia,2016,7,818,825,76,69
Perth-Brisbane,Perth,Brisbane,Qantas,2016,1,1412,1398,151,165
Perth-Brisbane,Perth,Brisbane,Virgin Australia,2016,1,1200,1190,120,130
Perth-Broome,Perth,Broome,Qantas,2016,1,208,210,27,25
Perth-Broome,Perth,Broome,QantasLink,2016,7,679,690,63,52
Perth-Broome,Perth,Broome,Virgin Australia,2016,0,67,66,4,5
Perth-Broome,Perth,Broome,Virgin Australia Regional Airlines,2016,0,526,486,79,119
Perth-Darwin,Perth,Darwin,Qantas,2016,0,408,411,28,25
Perth-Darwin,Perth,Darwin,Virgin Australia,2016,0,338,337,30,31
Perth-Geraldton,Perth,Geraldton,QantasLink,2016,1,504,508,58,54
Perth-Geraldton,Perth,Geraldton,Virgin Australia Regional Airlines,2016,3,596,594,74,76
Perth-Kalgoorlie,Perth,Kalgoorlie,Qantas,2016,2,57,57,5,5
Perth-Kalgoorlie,Perth,Kalgoorlie,QantasLink,2016,5,784,795,112,101
Perth-Kalgoorlie,Perth,Kalgoorlie,Virgin Australia,2016,3,356,357,18,17
Perth-Kalgoorlie,Perth,Kalgoorlie,Virgin Australia Regional Airlines,2016,2,319,308,32,43
Perth-Karratha,Perth,Karratha,Qantas,2016,14,423,421,23,25
Perth-Karratha,Perth,Karratha,QantasLink,2016,58,1779,1755,161,185
Perth-Karratha,Perth,Karratha,Virgin Australia,2016,2,171,172,5,4
Perth-Karratha,Perth,Karratha,Virgin Australia Regional Airlines,2016,16,683,632,64,115
Perth-Melbourne,Perth,Melbourne,Jetstar,2016,85,446,538,259,167
Perth-Melbourne,Perth,Melbourne,Qantas,2016,4,2039,2059,313,293
Perth-Melbourne,Perth,Melbourne,Tigerair Australia,2016,9,538,572,133,99
Perth-Melbourne,Perth,Melbourne,Virgin Australia,2016,3,1467,1464,206,209
Perth-Newman,Perth,Newman,Qantas,2016,3,816,811,39,44
Perth-Newman,Perth,Newman,QantasLink,2016,19,799,795,61,65
Perth-Newman,Perth,Newman,Virgin Australia,2016,1,188,189,8,7
Perth-Newman,Perth,Newman,Virgin Australia Regional Airlines,2016,1,238,234,21,25
Perth-Port Hedland,Perth,Port Hedland,Qantas,2016,4,649,655,34,28
Perth-Port Hedland,Perth,Port Hedland,QantasLink,2016,35,833,758,110,185
Perth-Port Hedland,Perth,Port Hedland,Virgin Australia,2016,2,369,371,22,20
Perth-Port Hedland,Perth,Port Hedland,Virgin Australia Regional Airlines,2016,0,213,205,11,19
Perth-Sydney,Perth,Sydney,Jetstar,2016,6,214,302,143,55
Perth-Sydney,Perth,Sydney,Qantas,2016,6,2070,2155,357,272
Perth-Sydney,Perth,Sydney,Tigerair Australia,2016,2,279,288,29,20
Perth-Sydney,Perth,Sydney,Virgin Australia,2016,4,1258,1303,165,120
Port Hedland-Perth,Port Hedland,Perth,Qantas,2016,7,635,640,47,42
Port Hedland-Perth,Port Hedland,Perth,QantasLink,2016,38,829,838,100,91
Port Hedland-Perth,Port Hedland,Perth,Virgin Australia,2016,5,368,365,20,23
Port Hedland-Perth,Port Hedland,Perth,Virgin Australia Regional Airlines,2016,0,203,193,21,31
Port Lincoln-Adelaide,Port Lincoln,Adelaide,QantasLink,2016,17,1166,1168,138,136
Port Lincoln-Adelaide,Port Lincoln,Adelaide,Regional Express,2016,28,2197,2146,213,264
Port Macquarie-Sydney,Port Macquarie,Sydney,QantasLink,2016,27,1110,1042,476,544
Port Macquarie-Sydney,Port Macquarie,Sydney,Virgin Australia,2016,12,581,577,129,133
Proserpine-Brisbane,Proserpine,Brisbane,Jetstar,2016,0,261,276,89,74
Proserpine-Brisbane,Proserpine,Brisbane,Virgin Australia,2016,1,392,398,47,41
Rockhampton-Brisbane,Rockhampton,Brisbane,QantasLink,2016,29,1900,1879,303,324
Rockhampton-Brisbane,Rockhampton,Brisbane,Virgin Australia,2016,57,1962,1962,188,188
Sunshine Coast-Melbourne,Sunshine Coast,Melbourne,Jetstar,2016,11,636,680,351,307
Sunshine Coast-Melbourne,Sunshine Coast,Melbourne,QantasLink,2016,0,6,6,3,3
Sunshine Coast-Melbourne,Sunshine Coast,Melbourne,Virgin Australia,2016,4,352,364,119,107
Sunshine Coast-Sydney,Sunshine Coast,Sydney,Jetstar,2016,28,738,818,482,402
Sunshine Coast-Sydney,Sunshine Coast,Sydney,QantasLink,2016,1,285,265,66,86
Sunshine Coast-Sydney,Sunshine Coast,Sydney,Virgin Australia,2016,2,346,343,58,61
Sydney-Adelaide,Sydney,Adelaide,Jetstar,2016,30,870,904,411,377
Sydney-Adelaide,Sydney,Adelaide,Qantas,2016,14,2379,2340,332,371
Sydney-Adelaide,Sydney,Adelaide,QantasLink,2016,19,252,238,59,73
Sydney-Adelaide,Sydney,Adelaide,Tigerair Australia,2016,2,457,431,84,110
Sydney-Adelaide,Sydney,Adelaide,Virgin Australia,2016,15,1776,1691,196,281
Sydney-Albury,Sydney,Albury,QantasLink,2016,21,951,944,270,277
Sydney-Albury,Sydney,Albury,Regional Express,2016,4,1018,1000,153,171
Sydney-Albury,Sydney,Albury,Virgin Australia,2016,5,591,593,136,134
Sydney-Armidale,Sydney,Armidale,QantasLink,2016,26,1066,975,384,475
Sydney-Armidale,Sydney,Armidale,Regional Express,2016,4,717,708,141,150
Sydney-Ayers Rock,Sydney,Ayers Rock,Jetstar,2016,2,303,282,32,53
Sydney-Ayers Rock,Sydney,Ayers Rock,Virgin Australia,2016,2,327,298,37,66
Sydney-Ballina,Sydney,Ballina,Jetstar,2016,1,758,743,168,183
Sydney-Ballina,Sydney,Ballina,Regional Express,2016,0,257,261,32,28
Sydney-Ballina,Sydney,Ballina,Virgin Australia,2016,2,360,353,26,33
Sydney-Brisbane,Sydney,Brisbane,Jetstar,2016,95,1440,1490,559,509
Sydney-Brisbane,Sydney,Brisbane,Qantas,2016,60,6330,6079,846,1097
Sydney-Brisbane,Sydney,Brisbane,Tigerair Australia,2016,17,1058,1001,141,198
Sydney-Brisbane,Sydney,Brisbane,Virgin Australia,2016,187,5656,5474,730,912
Sydney-Cairns,Sydney,Cairns,Jetstar,2016,19,923,999,288,212
Sydney-Cairns,Sydney,Cairns,Qantas,2016,0,804,808,136,132
Sydney-Cairns,Sydney,Cairns,Tigerair Australia,2016,0,457,440,40,57
Sydney-Cairns,Sydney,Cairns,Virgin Australia,2016,0,956,957,131,130
Sydney-Canberra,Sydney,Canberra,Qantas,2016,1,54,52,5,7
Sydney-Canberra,Sydney,Canberra,QantasLink,2016,245,4248,4247,991,992
Sydney-Canberra,Sydney,Canberra,Virgin Australia,2016,145,2645,2667,510,488
Sydney-Coffs Harbour,Sydney,Coffs Harbour,QantasLink,2016,33,1390,1391,393,392
Sydney-Coffs Harbour,Sydney,Coffs Harbour,Tigerair Australia,2016,1,147,144,10,13
Sydney-Coffs Harbour,Sydney,Coffs Harbour,Virgin Australia,2016,8,636,641,69,64
Sydney-Darwin,Sydney,Darwin,Jetstar,2016,1,256,253,50,53
Sydney-Darwin,Sydney,Darwin,Qantas,2016,0,478,487,114,105
Sydney-Darwin,Sydney,Darwin,Virgin Australia,2016,0,334,315,32,51
Sydney-Dubbo,Sydney,Dubbo,QantasLink,2016,23,1034,1059,434,409
Sydney-Dubbo,Sydney,Dubbo,Regional Express,2016,17,1526,1534,189,181
Sydney-Gold Coast,Sydney,Gold Coast,Jetstar,2016,56,2738,2792,760,706
Sydney-Gold Coast,Sydney,Gold Coast,Qantas,2016,0,1001,1019,130,112
Sydney-Gold Coast,Sydney,Gold Coast,QantasLink,2016,6,126,115,31,42
Sydney-Gold Coast,Sydney,Gold Coast,Tigerair Australia,2016,14,1175,1135,176,216
Sydney-Gold Coast,Sydney,Gold Coast,Virgin Australia,2016,43,2695,2616,341,420
Sydney-Hamilton Island,Sydney,Hamilton Island,Jetstar,2016,0,253,241,66,78
Sydney-Hamilton Island,Sydney,Hamilton Island,Qantas,2016,1,160,164,18,14
Sydney-Hamilton Island,Sydney,Hamilton Island,QantasLink,2016,1,94,87,28,35
Sydney-Hamilton Island,Sydney,Hamilton Island,Virgin Australia,2016,2,338,318,30,50
Sydney-Hobart,Sydney,Hobart,Jetstar,2016,7,724,771,254,207
Sydney-Hobart,Sydney,Hobart,Qantas,2016,0,8,8,0,0
Sydney-Hobart,Sydney,Hobart,QantasLink,2016,4,514,523,114,105
Sydney-Hobart,Sydney,Hobart,Virgin Australia,2016,5,675,668,66,73
Sydney-Launceston,Sydney,Launceston,Jetstar,2016,2,493,529,118,82
Sydney-Launceston,Sydney,Launceston,Virgin Australia,2016,0,325,331,43,37
Sydney-Melbourne,Sydney,Melbourne,Jetstar,2016,183,2719,2821,1438,1336
Sydney-Melbourne,Sydney,Melbourne,Qantas,2016,468,9484,8744,1630,2370
Sydney-Melbourne,Sydney,Melbourne,Tigerair Australia,2016,44,2181,2056,603,728
Sydney-Melbourne,Sydney,Melbourne,Virgin Australia,2016,437,7716,7187,1168,1697
Sydney-Perth,Sydney,Perth,Jetstar,2016,2,296,294,68,70
Sydney-Perth,Sydney,Perth,Qantas,2016,5,1960,1877,504,587
Sydney-Perth,Sydney,Perth,Tigerair Australia,2016,1,292,275,18,35
Sydney-Perth,Sydney,Perth,Virgin Australia,2016,4,1203,1111,220,312
Sydney-Port Macquarie,Sydney,Port Macquarie,QantasLink,2016,25,1180,1101,401,480
Sydney-Port Macquarie,Sydney,Port Macquarie,Virgin Australia,2016,9,571,572,141,140
Sydney-Sunshine Coast,Sydney,Sunshine Coast,Jetstar,2016,20,868,932,363,299
Sydney-Sunshine Coast,Sydney,Sunshine Coast,QantasLink,2016,2,272,257,79,94
Sydney-Sunshine Coast,Sydney,Sunshine Coast,Virgin Australia,2016,2,370,361,33,42
Sydney-Tamworth,Sydney,Tamworth,QantasLink,2016,68,1430,1382,356,404
Sydney-Tamworth,Sydney,Tamworth,Virgin Australia,2016,3,378,371,66,73
Sydney-Townsville,Sydney,Townsville,Jetstar,2016,1,217,232,94,79
Sydney-Townsville,Sydney,Townsville,Virgin Australia,2016,2,306,298,30,38
Sydney-Wagga Wagga,Sydney,Wagga Wagga,QantasLink,2016,15,1038,990,292,340
Sydney-Wagga Wagga,Sydney,Wagga Wagga,Regional Express,2016,5,1364,1338,142,168
Tamworth-Sydney,Tamworth,Sydney,QantasLink,2016,73,1428,1420,354,362
Tamworth-Sydney,Tamworth,Sydney,Virgin Australia,2016,4,383,372,60,71
Townsville-Brisbane,Townsville,Brisbane,Jetstar,2016,4,395,430,134,99
Townsville-Brisbane,Townsville,Brisbane,Qantas,2016,1,1248,1236,96,108
Townsville-Brisbane,Townsville,Brisbane,QantasLink,2016,10,317,309,64,72
Townsville-Brisbane,Townsville,Brisbane,Virgin Australia,2016,20,1586,1614,142,114
Townsville-Cairns,Townsville,Cairns,QantasLink,2016,29,1543,1556,128,115
Townsville-Cairns,Townsville,Cairns,Regional Express,2016,13,639,639,23,23
Townsville-Sydney,Townsville,Sydney,Jetstar,2016,1,192,219,119,92
Townsville-Sydney,Townsville,Sydney,Virgin Australia,2016,2,287,287,49,49
Wagga Wagga-Sydney,Wagga Wagga,Sydney,QantasLink,2016,17,1065,1082,265,248
Wagga Wagga-Sydney,Wagga Wagga,Sydney,Regional Express,2016,5,1333,1270,169,232
Adelaide-Alice Springs,Adelaide,Alice Springs,Qantas,2017,0,302,317,62,47
Adelaide-Alice Springs,Adelaide,Alice Springs,Virgin Australia,2017,0,114,112,8,10
Adelaide-Alice Springs,Adelaide,Alice Springs,Virgin Australia Regional Airlines,2017,6,41,35,26,32
Adelaide-Brisbane,Adelaide,Brisbane,Jetstar,2017,1,230,245,93,78
Adelaide-Brisbane,Adelaide,Brisbane,Qantas,2017,2,1002,1016,120,106
Adelaide-Brisbane,Adelaide,Brisbane,QantasLink,2017,19,251,228,38,61
Adelaide-Brisbane,Adelaide,Brisbane,Tigerair Australia,2017,3,262,253,81,90
Adelaide-Brisbane,Adelaide,Brisbane,Virgin Australia,2017,6,1131,1155,146,122
Adelaide-Canberra,Adelaide,Canberra,Qantas,2017,0,462,465,61,58
Adelaide-Canberra,Adelaide,Canberra,Virgin Australia,2017,1,265,275,47,37
Adelaide-Gold Coast,Adelaide,Gold Coast,Jetstar,2017,1,327,341,46,32
Adelaide-Gold Coast,Adelaide,Gold Coast,Virgin Australia,2017,0,349,346,18,21
Adelaide-Melbourne,Adelaide,Melbourne,Jetstar,2017,20,914,990,348,272
Adelaide-Melbourne,Adelaide,Melbourne,Qantas,2017,19,2864,2856,422,430
Adelaide-Melbourne,Adelaide,Melbourne,Tigerair Australia,2017,13,613,609,274,278
Adelaide-Melbourne,Adelaide,Melbourne,Virgin Australia,2017,50,2709,2724,496,481
Adelaide-Perth,Adelaide,Perth,Jetstar,2017,3,263,273,61,51
Adelaide-Perth,Adelaide,Perth,Qantas,2017,1,921,925,128,124
Adelaide-Perth,Adelaide,Perth,QantasLink,2017,22,241,219,26,48
Adelaide-Perth,Adelaide,Perth,Virgin Australia,2017,5,661,647,59,73
Adelaide-Perth,Adelaide,Perth,Virgin Australia Regional Airlines,2017,5,85,64,41,62
Adelaide-Port Lincoln,Adelaide,Port Lincoln,QantasLink,2017,22,1163,1150,97,110
Adelaide-Port Lincoln,Adelaide,Port Lincoln,Regional Express,2017,38,2302,2234,139,207
Adelaide-Sydney,Adelaide,Sydney,Jetstar,2017,40,991,1027,274,238
Adelaide-Sydney,Adelaide,Sydney,Qantas,2017,12,2466,2403,278,341
Adelaide-Sydney,Adelaide,Sydney,QantasLink,2017,33,225,244,76,57
Adelaide-Sydney,Adelaide,Sydney,Tigerair Australia,2017,7,339,329,213,223
Adelaide-Sydney,Adelaide,Sydney,Virgin Australia,2017,18,1648,1629,237,256
Albury-Sydney,Albury,Sydney,QantasLink,2017,26,905,902,273,276
Albury-Sydney,Albury,Sydney,Regional Express,2017,21,988,952,162,198
Albury-Sydney,Albury,Sydney,Virgin Australia,2017,8,538,538,159,159
Alice Springs-Adelaide,Alice Springs,Adelaide,Qantas,2017,1,308,321,56,43
Alice Springs-Adelaide,Alice Springs,Adelaide,Virgin Australia,2017,0,104,106,18,16
Alice Springs-Adelaide,Alice Springs,Adelaide,Virgin Australia Regional Airlines,2017,2,47,47,19,19
Alice Springs-Darwin,Alice Springs,Darwin,QantasLink,2017,12,575,579,51,47
Alice Springs-Darwin,Alice Springs,Darwin,Virgin Australia,2017,0,107,108,13,12
Alice Springs-Darwin,Alice Springs,Darwin,Virgin Australia Regional Airlines,2017,6,40,40,23,23
Armidale-Sydney,Armidale,Sydney,QantasLink,2017,51,931,930,407,408
Armidale-Sydney,Armidale,Sydney,Regional Express,2017,17,634,586,219,267
Ayers Rock-Sydney,Ayers Rock,Sydney,Jetstar,2017,2,208,254,122,76
Ayers Rock-Sydney,Ayers Rock,Sydney,Virgin Australia,2017,1,265,290,99,74
Ballina-Sydney,Ballina,Sydney,Jetstar,2017,5,659,748,307,218
Ballina-Sydney,Ballina,Sydney,Regional Express,2017,10,190,183,93,100
Ballina-Sydney,Ballina,Sydney,Virgin Australia,2017,3,321,325,82,78
Brisbane-Adelaide,Brisbane,Adelaide,Jetstar,2017,1,269,277,54,46
Brisbane-Adelaide,Brisbane,Adelaide,Qantas,2017,3,1026,1010,95,111
Brisbane-Adelaide,Brisbane,Adelaide,QantasLink,2017,20,258,238,30,50
Brisbane-Adelaide,Brisbane,Adelaide,Tigerair Australia,2017,3,298,294,46,50
Brisbane-Adelaide,Brisbane,Adelaide,Virgin Australia,2017,5,1119,1085,148,182
Brisbane-Bundaberg,Brisbane,Bundaberg,QantasLink,2017,30,1263,1260,238,241
Brisbane-Bundaberg,Brisbane,Bundaberg,Virgin Australia,2017,2,306,303,57,60
Brisbane-Cairns,Brisbane,Cairns,Jetstar,2017,16,951,1031,284,204
Brisbane-Cairns,Brisbane,Cairns,Qantas,2017,1,1265,1283,148,130
Brisbane-Cairns,Brisbane,Cairns,QantasLink,2017,0,43,43,13,13
Brisbane-Cairns,Brisbane,Cairns,Tigerair Australia,2017,6,419,416,85,88
Brisbane-Cairns,Brisbane,Cairns,Virgin Australia,2017,3,1287,1329,203,161
Brisbane-Canberra,Brisbane,Canberra,Qantas,2017,0,416,417,49,48
Brisbane-Canberra,Brisbane,Canberra,QantasLink,2017,39,1040,1017,260,283
Brisbane-Canberra,Brisbane,Canberra,Tigerair Australia,2017,0,37,28,10,19
Brisbane-Canberra,Brisbane,Canberra,Virgin Australia,2017,2,1027,1015,144,156
Brisbane-Darwin,Brisbane,Darwin,Jetstar,2017,0,244,258,45,31
Brisbane-Darwin,Brisbane,Darwin,Qantas,2017,0,518,513,37,42
Brisbane-Darwin,Brisbane,Darwin,Tigerair Australia,2017,5,180,181,47,46
Brisbane-Darwin,Brisbane,Darwin,Virgin Australia,2017,0,306,293,62,75
Brisbane-Emerald,Brisbane,Emerald,QantasLink,2017,24,1128,1128,207,207
Brisbane-Emerald,Brisbane,Emerald,Virgin Australia,2017,5,644,633,44,55
Brisbane-Gladstone,Brisbane,Gladstone,QantasLink,2017,19,1350,1339,265,276
Brisbane-Gladstone,Brisbane,Gladstone,Virgin Australia,2017,5,831,784,118,165
Brisbane-Hamilton Island,Brisbane,Hamilton Island,Qantas,2017,1,3,3,1,1
Brisbane-Hamilton Island,Brisbane,Hamilton Island,QantasLink,2017,30,335,345,64,54
Brisbane-Hamilton Island,Brisbane,Hamilton Island,Virgin Australia,2017,9,322,320,32,34
Brisbane-Hobart,Brisbane,Hobart,Jetstar,2017,0,306,305,25,26
Brisbane-Hobart,Brisbane,Hobart,Qantas,2017,0,6,5,0,1
Brisbane-Hobart,Brisbane,Hobart,Virgin Australia,2017,0,341,331,34,44
Brisbane-Mackay,Brisbane,Mackay,Jetstar,2017,6,339,370,159,128
Brisbane-Mackay,Brisbane,Mackay,QantasLink,2017,33,1071,1072,187,186
Brisbane-Mackay,Brisbane,Mackay,Virgin Australia,2017,24,1402,1408,205,199
Brisbane-Melbourne,Brisbane,Melbourne,Jetstar,2017,26,989,1070,410,329
Brisbane-Melbourne,Brisbane,Melbourne,Qantas,2017,33,4270,4096,628,802
Brisbane-Melbourne,Brisbane,Melbourne,QantasLink,2017,3,66,58,11,19
Brisbane-Melbourne,Brisbane,Melbourne,Tigerair Australia,2017,41,1114,1073,400,441
Brisbane-Melbourne,Brisbane,Melbourne,Virgin Australia,2017,124,3876,3459,568,985
Brisbane-Moranbah,Brisbane,Moranbah,QantasLink,2017,16,611,595,80,96
Brisbane-Moranbah,Brisbane,Moranbah,Virgin Australia,2017,9,431,426,45,50
Brisbane-Mount Isa,Brisbane,Mount Isa,Qantas,2017,0,5,5,0,0
Brisbane-Mount Isa,Brisbane,Mount Isa,QantasLink,2017,10,563,562,82,83
Brisbane-Mount Isa,Brisbane,Mount Isa,Virgin Australia,2017,0,195,178,13,30
Brisbane-Newcastle,Brisbane,Newcastle,Jetstar,2017,11,790,816,228,202
Brisbane-Newcastle,Brisbane,Newcastle,QantasLink,2017,39,876,876,166,166
Brisbane-Newcastle,Brisbane,Newcastle,Virgin Australia,2017,7,922,920,91,93
Brisbane-Perth,Brisbane,Perth,Qantas,2017,4,1353,1285,217,285
Brisbane-Perth,Brisbane,Perth,Tigerair Australia,2017,2,115,112,19,22
Brisbane-Perth,Brisbane,Perth,Virgin Australia,2017,1,1037,1007,243,273
Brisbane-Proserpine,Brisbane,Proserpine,Jetstar,2017,13,303,320,67,50
Brisbane-Proserpine,Brisbane,Proserpine,Tigerair Australia,2017,5,149,146,10,13
Brisbane-Proserpine,Brisbane,Proserpine,Virgin Australia,2017,14,334,336,38,36
Brisbane-Rockhampton,Brisbane,Rockhampton,QantasLink,2017,60,1721,1690,341,372
Brisbane-Rockhampton,Brisbane,Rockhampton,Virgin Australia,2017,53,1329,1232,312,409
Brisbane-Sydney,Brisbane,Sydney,Jetstar,2017,70,1457,1482,547,522
Brisbane-Sydney,Brisbane,Sydney,Qantas,2017,117,6287,6196,999,1090
Brisbane-Sydney,Brisbane,Sydney,QantasLink,2017,4,38,39,15,14
Brisbane-Sydney,Brisbane,Sydney,Tigerair Australia,2017,33,939,913,346,372
Brisbane-Sydney,Brisbane,Sydney,Virgin Australia,2017,188,5242,5083,803,962
Brisbane-Townsville,Brisbane,Townsville,Jetstar,2017,3,431,431,90,90
Brisbane-Townsville,Brisbane,Townsville,Qantas,2017,7,715,729,134,120
Brisbane-Townsville,Brisbane,Townsville,QantasLink,2017,41,735,722,131,144
Brisbane-Townsville,Brisbane,Townsville,Virgin Australia,2017,23,1427,1434,216,209
Broome-Perth,Broome,Perth,Qantas,2017,1,76,80,18,14
Broome-Perth,Broome,Perth,QantasLink,2017,19,832,867,145,110
Broome-Perth,Broome,Perth,Virgin Australia,2017,0,35,45,14,4
Broome-Perth,Broome,Perth,Virgin Australia Regional Airlines,2017,8,535,534,154,155
Bundaberg-Brisbane,Bundaberg,Brisbane,QantasLink,2017,28,1279,1236,224,267
Bundaberg-Brisbane,Bundaberg,Brisbane,Virgin Australia,2017,3,283,281,79,81
Cairns-Brisbane,Cairns,Brisbane,Jetstar,2017,14,989,1037,245,197
Cairns-Brisbane,Cairns,Brisbane,Qantas,2017,1,1260,1267,152,145
Cairns-Brisbane,Cairns,Brisbane,QantasLink,2017,0,48,48,9,9
Cairns-Brisbane,Cairns,Brisbane,Tigerair Australia,2017,8,395,408,107,94
Cairns-Brisbane,Cairns,Brisbane,Virgin Australia,2017,4,1299,1326,188,161
Cairns-Melbourne,Cairns,Melbourne,Jetstar,2017,4,895,901,318,312
Cairns-Melbourne,Cairns,Melbourne,Qantas,2017,1,357,338,129,148
Cairns-Melbourne,Cairns,Melbourne,Tigerair Australia,2017,4,308,303,139,144
Cairns-Melbourne,Cairns,Melbourne,Virgin Australia,2017,0,281,276,107,112
Cairns-Sydney,Cairns,Sydney,Jetstar,2017,17,944,940,220,224
Cairns-Sydney,Cairns,Sydney,Qantas,2017,0,795,816,139,118
Cairns-Sydney,Cairns,Sydney,Tigerair Australia,2017,5,394,391,129,132
Cairns-Sydney,Cairns,Sydney,Virgin Australia,2017,3,855,879,157,133
Cairns-Townsville,Cairns,Townsville,QantasLink,2017,20,1557,1559,107,105
Cairns-Townsville,Cairns,Townsville,Regional Express,2017,19,399,392,47,54
Canberra-Adelaide,Canberra,Adelaide,Qantas,2017,0,481,483,42,40
Canberra-Adelaide,Canberra,Adelaide,Virgin Australia,2017,1,264,261,48,51
Canberra-Brisbane,Canberra,Brisbane,Qantas,2017,0,444,439,22,27
Canberra-Brisbane,Canberra,Brisbane,QantasLink,2017,38,1030,1059,268,239
Canberra-Brisbane,Canberra,Brisbane,Tigerair Australia,2017,0,24,28,23,19
Canberra-Brisbane,Canberra,Brisbane,Virgin Australia,2017,5,1020,1014,145,151
Canberra-Melbourne,Canberra,Melbourne,Qantas,2017,12,2144,2125,199,218
Canberra-Melbourne,Canberra,Melbourne,QantasLink,2017,81,836,814,150,172
Canberra-Melbourne,Canberra,Melbourne,Tigerair Australia,2017,6,231,228,155,158
Canberra-Melbourne,Canberra,Melbourne,Virgin Australia,2017,62,1670,1609,247,308
Canberra-Sydney,Canberra,Sydney,Qantas,2017,3,116,111,9,14
Canberra-Sydney,Canberra,Sydney,QantasLink,2017,272,4273,4306,824,791
Canberra-Sydney,Canberra,Sydney,Virgin Australia,2017,156,2346,2331,433,448
Coffs Harbour-Sydney,Coffs Harbour,Sydney,QantasLink,2017,42,1420,1406,344,358
Coffs Harbour-Sydney,Coffs Harbour,Sydney,Tigerair Australia,2017,1,112,117,44,39
Coffs Harbour-Sydney,Coffs Harbour,Sydney,Virgin Australia,2017,18,540,528,76,88
Darwin-Alice Springs,Darwin,Alice Springs,QantasLink,2017,13,592,591,33,34
Darwin-Alice Springs,Darwin,Alice Springs,Virgin Australia,2017,0,112,109,8,11
Darwin-Alice Springs,Darwin,Alice Springs,Virgin Australia Regional Airlines,2017,5,54,49,9,14
Darwin-Brisbane,Darwin,Brisbane,Jetstar,2017,2,218,244,70,44
Darwin-Brisbane,Darwin,Brisbane,Qantas,2017,1,470,505,84,49
Darwin-Brisbane,Darwin,Brisbane,Tigerair Australia,2017,5,203,205,23,21
Darwin-Brisbane,Darwin,Brisbane,Virgin Australia,2017,0,296,278,72,90
Darwin-Melbourne,Darwin,Melbourne,Jetstar,2017,0,213,257,115,71
Darwin-Melbourne,Darwin,Melbourne,Qantas,2017,0,320,340,68,48
Darwin-Melbourne,Darwin,Melbourne,Virgin Australia,2017,1,326,331,43,38
Darwin-Perth,Darwin,Perth,Qantas,2017,0,344,359,44,29
Darwin-Perth,Darwin,Perth,Virgin Australia,2017,0,269,266,53,56
Darwin-Perth,Darwin,Perth,Virgin Australia Regional Airlines,2017,4,22,22,9,9
Darwin-Sydney,Darwin,Sydney,Jetstar,2017,1,222,226,71,67
Darwin-Sydney,Darwin,Sydney,Qantas,2017,2,454,475,126,105
Darwin-Sydney,Darwin,Sydney,Virgin Australia,2017,0,263,251,100,112
Dubbo-Sydney,Dubbo,Sydney,QantasLink,2017,41,1082,1047,300,335
Dubbo-Sydney,Dubbo,Sydney,Regional Express,2017,38,1395,1311,298,382
Emerald-Brisbane,Emerald,Brisbane,QantasLink,2017,30,1074,1068,255,261
Emerald-Brisbane,Emerald,Brisbane,Virgin Australia,2017,6,628,621,60,67
Geraldton-Perth,Geraldton,Perth,QantasLink,2017,10,487,496,57,48
Geraldton-Perth,Geraldton,Perth,Virgin Australia Regional Airlines,2017,5,509,516,112,105
Gladstone-Brisbane,Gladstone,Brisbane,QantasLink,2017,19,1332,1358,278,252
Gladstone-Brisbane,Gladstone,Brisbane,Virgin Australia,2017,9,804,787,143,160
Gold Coast-Adelaide,Gold Coast,Adelaide,Jetstar,2017,0,337,330,37,44
Gold Coast-Adelaide,Gold Coast,Adelaide,Virgin Australia,2017,0,318,298,49,69
Gold Coast-Melbourne,Gold Coast,Melbourne,Jetstar,2017,14,1662,1839,627,450
Gold Coast-Melbourne,Gold Coast,Melbourne,Qantas,2017,0,296,318,87,65
Gold Coast-Melbourne,Gold Coast,Melbourne,QantasLink,2017,0,1,1,0,0
Gold Coast-Melbourne,Gold Coast,Melbourne,Tigerair Australia,2017,9,636,637,342,341
Gold Coast-Melbourne,Gold Coast,Melbourne,Virgin Australia,2017,18,1676,1687,470,459
Gold Coast-Sydney,Gold Coast,Sydney,Jetstar,2017,60,2518,2622,886,782
Gold Coast-Sydney,Gold Coast,Sydney,Qantas,2017,0,997,1011,160,146
Gold Coast-Sydney,Gold Coast,Sydney,QantasLink,2017,11,120,123,61,58
Gold Coast-Sydney,Gold Coast,Sydney,Tigerair Australia,2017,38,897,915,480,462
Gold Coast-Sydney,Gold Coast,Sydney,Virgin Australia,2017,55,2285,2301,593,577
Hamilton Island-Brisbane,Hamilton Island,Brisbane,Qantas,2017,1,3,3,1,1
Hamilton Island-Brisbane,Hamilton Island,Brisbane,QantasLink,2017,32,337,338,61,60
Hamilton Island-Brisbane,Hamilton Island,Brisbane,Virgin Australia,2017,8,316,322,41,35
Hamilton Island-Melbourne,Hamilton Island,Melbourne,Qantas,2017,2,47,47,4,4
Hamilton Island-Melbourne,Hamilton Island,Melbourne,Virgin Australia,2017,2,49,52,11,8
Hamilton Island-Sydney,Hamilton Island,Sydney,Jetstar,2017,14,224,228,72,68
Hamilton Island-Sydney,Hamilton Island,Sydney,Qantas,2017,7,147,155,25,17
Hamilton Island-Sydney,Hamilton Island,Sydney,QantasLink,2017,17,103,104,29,28
Hamilton Island-Sydney,Hamilton Island,Sydney,Virgin Australia,2017,20,244,253,49,40
Hobart-Brisbane,Hobart,Brisbane,Jetstar,2017,0,262,274,69,57
Hobart-Brisbane,Hobart,Brisbane,Qantas,2017,0,4,5,2,1
Hobart-Brisbane,Hobart,Brisbane,Virgin Australia,2017,0,278,284,97,91
Hobart-Melbourne,Hobart,Melbourne,Jetstar,2017,10,1219,1318,908,809
Hobart-Melbourne,Hobart,Melbourne,Qantas,2017,0,18,17,2,3
Hobart-Melbourne,Hobart,Melbourne,QantasLink,2017,59,1295,1256,242,281
Hobart-Melbourne,Hobart,Melbourne,Tigerair Australia,2017,0,268,271,139,136
Hobart-Melbourne,Hobart,Melbourne,Virgin Australia,2017,5,1331,1280,336,387
Hobart-Sydney,Hobart,Sydney,Jetstar,2017,4,661,691,307,277
Hobart-Sydney,Hobart,Sydney,Qantas,2017,0,21,24,13,10
Hobart-Sydney,Hobart,Sydney,QantasLink,2017,15,509,466,119,162
Hobart-Sydney,Hobart,Sydney,Virgin Australia,2017,8,658,649,138,147
Kalgoorlie-Perth,Kalgoorlie,Perth,Qantas,2017,1,98,101,10,7
Kalgoorlie-Perth,Kalgoorlie,Perth,QantasLink,2017,11,761,761,75,75
Kalgoorlie-Perth,Kalgoorlie,Perth,Virgin Australia,2017,7,263,266,31,28
Kalgoorlie-Perth,Kalgoorlie,Perth,Virgin Australia Regional Airlines,2017,3,410,411,49,48
Karratha-Perth,Karratha,Perth,Qantas,2017,1,179,180,7,6
Karratha-Perth,Karratha,Perth,QantasLink,2017,73,1752,1742,195,205
Karratha-Perth,Karratha,Perth,Virgin Australia,2017,2,23,23,10,10
Karratha-Perth,Karratha,Perth,Virgin Australia Regional Airlines,2017,31,695,680,121,136
Launceston-Melbourne,Launceston,Melbourne,Jetstar,2017,16,1029,1079,534,484
Launceston-Melbourne,Launceston,Melbourne,QantasLink,2017,48,1150,1146,202,206
Launceston-Melbourne,Launceston,Melbourne,Virgin Australia,2017,2,993,927,139,205
Launceston-Sydney,Launceston,Sydney,Jetstar,2017,6,361,385,222,198
Launceston-Sydney,Launceston,Sydney,Virgin Australia,2017,0,273,268,88,93
Mackay-Brisbane,Mackay,Brisbane,Jetstar,2017,9,308,382,187,113
Mackay-Brisbane,Mackay,Brisbane,QantasLink,2017,36,1045,1033,219,231
Mackay-Brisbane,Mackay,Brisbane,Virgin Australia,2017,22,1421,1432,187,176
Melbourne-Adelaide,Melbourne,Adelaide,Jetstar,2017,14,871,838,398,431
Melbourne-Adelaide,Melbourne,Adelaide,Qantas,2017,12,2916,2865,387,438
Melbourne-Adelaide,Melbourne,Adelaide,Tigerair Australia,2017,12,717,704,171,184
Melbourne-Adelaide,Melbourne,Adelaide,Virgin Australia,2017,49,2751,2673,404,482
Melbourne-Brisbane,Melbourne,Brisbane,Jetstar,2017,17,913,1008,494,399
Melbourne-Brisbane,Melbourne,Brisbane,Qantas,2017,34,4262,4233,689,718
Melbourne-Brisbane,Melbourne,Brisbane,QantasLink,2017,3,62,59,16,19
Melbourne-Brisbane,Melbourne,Brisbane,Tigerair Australia,2017,38,1095,1115,423,403
Melbourne-Brisbane,Melbourne,Brisbane,Virgin Australia,2017,121,3873,3713,513,673
Melbourne-Cairns,Melbourne,Cairns,Jetstar,2017,1,892,931,323,284
Melbourne-Cairns,Melbourne,Cairns,Qantas,2017,0,403,402,84,85
Melbourne-Cairns,Melbourne,Cairns,Tigerair Australia,2017,4,371,356,76,91
Melbourne-Cairns,Melbourne,Cairns,Virgin Australia,2017,0,338,313,50,75
Melbourne-Canberra,Melbourne,Canberra,Qantas,2017,11,2085,2077,257,265
Melbourne-Canberra,Melbourne,Canberra,QantasLink,2017,81,822,811,166,177
Melbourne-Canberra,Melbourne,Canberra,Tigerair Australia,2017,3,302,295,87,94
Melbourne-Canberra,Melbourne,Canberra,Virgin Australia,2017,63,1684,1637,230,277
Melbourne-Darwin,Melbourne,Darwin,Jetstar,2017,0,262,263,66,65
Melbourne-Darwin,Melbourne,Darwin,Qantas,2017,0,350,330,38,58
Melbourne-Darwin,Melbourne,Darwin,Virgin Australia,2017,1,313,281,56,88
Melbourne-Gold Coast,Melbourne,Gold Coast,Jetstar,2017,8,1762,1746,532,548
Melbourne-Gold Coast,Melbourne,Gold Coast,Qantas,2017,0,344,333,39,50
Melbourne-Gold Coast,Melbourne,Gold Coast,QantasLink,2017,0,1,1,0,0
Melbourne-Gold Coast,Melbourne,Gold Coast,Tigerair Australia,2017,9,756,736,222,242
Melbourne-Gold Coast,Melbourne,Gold Coast,Virgin Australia,2017,20,1845,1816,300,329
Melbourne-Hamilton Island,Melbourne,Hamilton Island,Qantas,2017,3,46,47,4,3
Melbourne-Hamilton Island,Melbourne,Hamilton Island,Virgin Australia,2017,3,54,48,5,11
Melbourne-Hobart,Melbourne,Hobart,Jetstar,2017,3,1630,1586,504,548
Melbourne-Hobart,Melbourne,Hobart,Qantas,2017,0,19,18,1,2
Melbourne-Hobart,Melbourne,Hobart,QantasLink,2017,59,1263,1207,271,327
Melbourne-Hobart,Melbourne,Hobart,Tigerair Australia,2017,1,318,306,88,100
Melbourne-Hobart,Melbourne,Hobart,Virgin Australia,2017,5,1441,1380,227,288
Melbourne-Launceston,Melbourne,Launceston,Jetstar,2017,13,1185,1196,381,370
Melbourne-Launceston,Melbourne,Launceston,QantasLink,2017,46,1156,1154,198,200
Melbourne-Launceston,Melbourne,Launceston,Virgin Australia,2017,2,983,917,147,213
Melbourne-Mildura,Melbourne,Mildura,QantasLink,2017,9,982,976,139,145
Melbourne-Mildura,Melbourne,Mildura,Regional Express,2017,8,824,790,124,158
Melbourne-Mildura,Melbourne,Mildura,Virgin Australia,2017,0,313,295,52,70
Melbourne-Newcastle,Melbourne,Newcastle,Jetstar,2017,3,935,995,369,309
Melbourne-Newcastle,Melbourne,Newcastle,Virgin Australia,2017,1,338,323,50,65
Melbourne-Perth,Melbourne,Perth,Jetstar,2017,14,520,538,98,80
Melbourne-Perth,Melbourne,Perth,Qantas,2017,3,1825,1795,526,556
Melbourne-Perth,Melbourne,Perth,Tigerair Australia,2017,11,486,480,141,147
Melbourne-Perth,Melbourne,Perth,Virgin Australia,2017,8,1221,1239,365,347
Melbourne-Sunshine Coast,Melbourne,Sunshine Coast,Jetstar,2017,4,789,824,213,178
Melbourne-Sunshine Coast,Melbourne,Sunshine Coast,QantasLink,2017,0,15,16,9,8
Melbourne-Sunshine Coast,Melbourne,Sunshine Coast,Virgin Australia,2017,3,496,498,93,91
Melbourne-Sydney,Melbourne,Sydney,Jetstar,2017,115,3042,2968,1291,1365
Melbourne-Sydney,Melbourne,Sydney,Qantas,2017,460,9615,9222,1810,2203
Melbourne-Sydney,Melbourne,Sydney,QantasLink,2017,3,19,18,1,2
Melbourne-Sydney,Melbourne,Sydney,Tigerair Australia,2017,95,1918,1852,1009,1075
Melbourne-Sydney,Melbourne,Sydney,Virgin Australia,2017,423,7405,7055,1092,1442
Melbourne-Townsville,Melbourne,Townsville,Jetstar,2017,0,36,41,19,14
Melbourne-Townsville,Melbourne,Townsville,Tigerair Australia,2017,0,30,30,5,5
Mildura-Melbourne,Mildura,Melbourne,QantasLink,2017,9,982,976,139,145
Mildura-Melbourne,Mildura,Melbourne,Regional Express,2017,11,766,705,179,240
Mildura-Melbourne,Mildura,Melbourne,Virgin Australia,2017,1,296,286,68,78
Moranbah-Brisbane,Moranbah,Brisbane,QantasLink,2017,21,555,548,93,100
Moranbah-Brisbane,Moranbah,Brisbane,Virgin Australia,2017,11,435,428,39,46
Mount Isa-Brisbane,Mount Isa,Brisbane,Qantas,2017,0,5,5,0,0
Mount Isa-Brisbane,Mount Isa,Brisbane,QantasLink,2017,20,551,532,84,103
Mount Isa-Brisbane,Mount Isa,Brisbane,Virgin Australia,2017,0,174,141,34,67
Newcastle-Brisbane,Newcastle,Brisbane,Jetstar,2017,10,866,847,151,170
Newcastle-Brisbane,Newcastle,Brisbane,QantasLink,2017,44,877,893,159,143
Newcastle-Brisbane,Newcastle,Brisbane,Virgin Australia,2017,9,919,918,92,93
Newcastle-Melbourne,Newcastle,Melbourne,Jetstar,2017,5,1018,1000,284,302
Newcastle-Melbourne,Newcastle,Melbourne,Virgin Australia,2017,1,299,274,89,114
Newman-Perth,Newman,Perth,Qantas,2017,6,668,668,30,30
Newman-Perth,Newman,Perth,QantasLink,2017,41,707,698,91,100
Newman-Perth,Newman,Perth,Virgin Australia,2017,0,189,191,13,11
Newman-Perth,Newman,Perth,Virgin Australia Regional Airlines,2017,2,236,229,30,37
Perth-Adelaide,Perth,Adelaide,Jetstar,2017,15,234,260,82,56
Perth-Adelaide,Perth,Adelaide,Qantas,2017,1,1017,1020,83,80
Perth-Adelaide,Perth,Adelaide,QantasLink,2017,18,252,241,18,29
Perth-Adelaide,Perth,Adelaide,Virgin Australia,2017,5,680,689,57,48
Perth-Adelaide,Perth,Adelaide,Virgin Australia Regional Airlines,2017,3,108,78,19,49
Perth-Brisbane,Perth,Brisbane,Qantas,2017,0,1350,1359,170,161
Perth-Brisbane,Perth,Brisbane,Tigerair Australia,2017,2,107,116,30,21
Perth-Brisbane,Perth,Brisbane,Virgin Australia,2017,1,1149,1150,128,127
Perth-Broome,Perth,Broome,Qantas,2017,1,82,79,12,15
Perth-Broome,Perth,Broome,QantasLink,2017,17,850,897,136,89
Perth-Broome,Perth,Broome,Virgin Australia,2017,0,41,43,8,6
Perth-Broome,Perth,Broome,Virgin Australia Regional Airlines,2017,5,594,574,95,115
Perth-Darwin,Perth,Darwin,Qantas,2017,0,368,358,20,30
Perth-Darwin,Perth,Darwin,Virgin Australia,2017,0,289,293,33,29
Perth-Darwin,Perth,Darwin,Virgin Australia Regional Airlines,2017,4,25,28,6,3
Perth-Geraldton,Perth,Geraldton,QantasLink,2017,10,462,467,81,76
Perth-Geraldton,Perth,Geraldton,Virgin Australia Regional Airlines,2017,4,501,510,121,112
Perth-Kalgoorlie,Perth,Kalgoorlie,Qantas,2017,0,96,98,12,10
Perth-Kalgoorlie,Perth,Kalgoorlie,QantasLink,2017,11,757,767,79,69
Perth-Kalgoorlie,Perth,Kalgoorlie,Virgin Australia,2017,5,273,271,22,24
Perth-Kalgoorlie,Perth,Kalgoorlie,Virgin Australia Regional Airlines,2017,3,409,401,50,58
Perth-Karratha,Perth,Karratha,Qantas,2017,1,179,177,7,9
Perth-Karratha,Perth,Karratha,QantasLink,2017,40,1779,1802,209,186
Perth-Karratha,Perth,Karratha,Virgin Australia,2017,2,31,29,3,5
Perth-Karratha,Perth,Karratha,Virgin Australia Regional Airlines,2017,30,747,708,70,109
Perth-Melbourne,Perth,Melbourne,Jetstar,2017,19,445,503,168,110
Perth-Melbourne,Perth,Melbourne,Qantas,2017,5,2015,2015,334,334
Perth-Melbourne,Perth,Melbourne,Tigerair Australia,2017,12,491,518,134,107
Perth-Melbourne,Perth,Melbourne,Virgin Australia,2017,7,1349,1332,231,248
Perth-Newman,Perth,Newman,Qantas,2017,5,666,661,33,38
Perth-Newman,Perth,Newman,QantasLink,2017,28,721,708,89,102
Perth-Newman,Perth,Newman,Virgin Australia,2017,0,195,194,7,8
Perth-Newman,Perth,Newman,Virgin Australia Regional Airlines,2017,1,245,242,21,24
Perth-Port Hedland,Perth,Port Hedland,Qantas,2017,6,344,343,20,21
Perth-Port Hedland,Perth,Port Hedland,QantasLink,2017,35,1028,992,145,181
Perth-Port Hedland,Perth,Port Hedland,Virgin Australia,2017,0,167,166,10,11
Perth-Port Hedland,Perth,Port Hedland,Virgin Australia Regional Airlines,2017,3,403,388,42,57
Perth-Sydney,Perth,Sydney,Jetstar,2017,3,211,276,131,66
Perth-Sydney,Perth,Sydney,Qantas,2017,5,2081,2157,374,298
Perth-Sydney,Perth,Sydney,Tigerair Australia,2017,22,267,281,35,21
Perth-Sydney,Perth,Sydney,Virgin Australia,2017,7,1208,1264,196,140
Port Hedland-Perth,Port Hedland,Perth,Qantas,2017,8,335,340,28,23
Port Hedland-Perth,Port Hedland,Perth,QantasLink,2017,64,991,994,155,152
Port Hedland-Perth,Port Hedland,Perth,Virgin Australia,2017,0,166,164,12,14
Port Hedland-Perth,Port Hedland,Perth,Virgin Australia Regional Airlines,2017,3,398,398,46,46
Port Lincoln-Adelaide,Port Lincoln,Adelaide,QantasLink,2017,23,1139,1132,118,125
Port Lincoln-Adelaide,Port Lincoln,Adelaide,Regional Express,2017,44,2254,2213,192,233
Port Macquarie-Sydney,Port Macquarie,Sydney,QantasLink,2017,49,1034,1081,465,418
Port Macquarie-Sydney,Port Macquarie,Sydney,Virgin Australia,2017,9,510,509,175,176
Proserpine-Brisbane,Proserpine,Brisbane,Jetstar,2017,13,298,299,73,72
Proserpine-Brisbane,Proserpine,Brisbane,Tigerair Australia,2017,6,144,143,14,15
Proserpine-Brisbane,Proserpine,Brisbane,Virgin Australia,2017,14,316,326,56,46
Proserpine-Sydney,Proserpine,Sydney,Jetstar,2017,0,21,21,5,5
Proserpine-Sydney,Proserpine,Sydney,Tigerair Australia,2017,0,37,40,20,17
Rockhampton-Brisbane,Rockhampton,Brisbane,QantasLink,2017,85,1683,1657,362,388
Rockhampton-Brisbane,Rockhampton,Brisbane,Virgin Australia,2017,52,1284,1330,356,310
Sunshine Coast-Melbourne,Sunshine Coast,Melbourne,Jetstar,2017,9,608,685,388,311
Sunshine Coast-Melbourne,Sunshine Coast,Melbourne,QantasLink,2017,0,15,15,9,9
Sunshine Coast-Melbourne,Sunshine Coast,Melbourne,Virgin Australia,2017,5,419,419,168,168
Sunshine Coast-Sydney,Sunshine Coast,Sydney,Jetstar,2017,14,847,934,440,353
Sunshine Coast-Sydney,Sunshine Coast,Sydney,QantasLink,2017,18,325,303,73,95
Sunshine Coast-Sydney,Sunshine Coast,Sydney,Virgin Australia,2017,3,408,389,93,112
Sydney-Adelaide,Sydney,Adelaide,Jetstar,2017,34,995,1014,275,256
Sydney-Adelaide,Sydney,Adelaide,Qantas,2017,7,2277,2267,410,420
Sydney-Adelaide,Sydney,Adelaide,QantasLink,2017,32,248,240,54,62
Sydney-Adelaide,Sydney,Adelaide,Tigerair Australia,2017,7,386,391,165,160
Sydney-Adelaide,Sydney,Adelaide,Virgin Australia,2017,15,1686,1596,250,340
Sydney-Albury,Sydney,Albury,QantasLink,2017,24,882,888,298,292
Sydney-Albury,Sydney,Albury,Regional Express,2017,23,913,903,229,239
Sydney-Albury,Sydney,Albury,Virgin Australia,2017,6,556,555,143,144
Sydney-Armidale,Sydney,Armidale,QantasLink,2017,34,925,919,431,437
Sydney-Armidale,Sydney,Armidale,Regional Express,2017,10,670,684,192,178
Sydney-Ayers Rock,Sydney,Ayers Rock,Jetstar,2017,0,276,259,55,72
Sydney-Ayers Rock,Sydney,Ayers Rock,Virgin Australia,2017,0,331,302,34,63
Sydney-Ballina,Sydney,Ballina,Jetstar,2017,2,810,798,158,170
Sydney-Ballina,Sydney,Ballina,Regional Express,2017,4,240,232,50,58
Sydney-Ballina,Sydney,Ballina,Virgin Australia,2017,2,350,346,54,58
Sydney-Brisbane,Sydney,Brisbane,Jetstar,2017,57,1467,1556,546,457
Sydney-Brisbane,Sydney,Brisbane,Qantas,2017,104,6207,6067,1088,1228
Sydney-Brisbane,Sydney,Brisbane,QantasLink,2017,6,43,42,8,9
Sydney-Brisbane,Sydney,Brisbane,Tigerair Australia,2017,32,1021,961,265,325
Sydney-Brisbane,Sydney,Brisbane,Virgin Australia,2017,196,5094,4952,996,1138
Sydney-Cairns,Sydney,Cairns,Jetstar,2017,13,889,969,277,197
Sydney-Cairns,Sydney,Cairns,Qantas,2017,0,812,814,122,120
Sydney-Cairns,Sydney,Cairns,Tigerair Australia,2017,2,472,446,54,80
Sydney-Cairns,Sydney,Cairns,Virgin Australia,2017,1,872,864,142,150
Sydney-Canberra,Sydney,Canberra,Qantas,2017,4,109,108,16,17
Sydney-Canberra,Sydney,Canberra,QantasLink,2017,253,4145,4221,964,888
Sydney-Canberra,Sydney,Canberra,Virgin Australia,2017,154,2232,2299,549,482
Sydney-Coffs Harbour,Sydney,Coffs Harbour,QantasLink,2017,40,1380,1437,384,327
Sydney-Coffs Harbour,Sydney,Coffs Harbour,Tigerair Australia,2017,1,125,125,32,32
Sydney-Coffs Harbour,Sydney,Coffs Harbour,Virgin Australia,2017,17,548,544,69,73
Sydney-Darwin,Sydney,Darwin,Jetstar,2017,0,250,259,44,35
Sydney-Darwin,Sydney,Darwin,Qantas,2017,0,451,476,131,106
Sydney-Darwin,Sydney,Darwin,Virgin Australia,2017,1,312,302,50,60
Sydney-Dubbo,Sydney,Dubbo,QantasLink,2017,38,1044,1027,341,358
Sydney-Dubbo,Sydney,Dubbo,Regional Express,2017,31,1355,1404,332,283
Sydney-Gold Coast,Sydney,Gold Coast,Jetstar,2017,50,2625,2700,789,714
Sydney-Gold Coast,Sydney,Gold Coast,Qantas,2017,0,975,999,182,158
Sydney-Gold Coast,Sydney,Gold Coast,QantasLink,2017,12,142,130,39,51
Sydney-Gold Coast,Sydney,Gold Coast,Tigerair Australia,2017,36,1081,1027,298,352
Sydney-Gold Coast,Sydney,Gold Coast,Virgin Australia,2017,49,2417,2353,468,532
Sydney-Hamilton Island,Sydney,Hamilton Island,Jetstar,2017,14,248,262,47,33
Sydney-Hamilton Island,Sydney,Hamilton Island,Qantas,2017,7,147,148,23,22
Sydney-Hamilton Island,Sydney,Hamilton Island,QantasLink,2017,16,96,97,38,37
Sydney-Hamilton Island,Sydney,Hamilton Island,Virgin Australia,2017,22,260,253,32,39
Sydney-Hobart,Sydney,Hobart,Jetstar,2017,2,802,819,166,149
Sydney-Hobart,Sydney,Hobart,Qantas,2017,0,28,29,6,5
Sydney-Hobart,Sydney,Hobart,QantasLink,2017,11,497,509,137,125
Sydney-Hobart,Sydney,Hobart,Virgin Australia,2017,7,715,711,81,85
Sydney-Launceston,Sydney,Launceston,Jetstar,2017,0,453,488,131,96
Sydney-Launceston,Sydney,Launceston,Virgin Australia,2017,0,312,329,51,34
Sydney-Melbourne,Sydney,Melbourne,Jetstar,2017,114,2966,3068,1372,1270
Sydney-Melbourne,Sydney,Melbourne,Qantas,2017,455,9374,8970,2121,2525
Sydney-Melbourne,Sydney,Melbourne,QantasLink,2017,2,19,20,2,1
Sydney-Melbourne,Sydney,Melbourne,Tigerair Australia,2017,91,1824,1759,1104,1169
Sydney-Melbourne,Sydney,Melbourne,Virgin Australia,2017,433,7155,6731,1227,1651
Sydney-Perth,Sydney,Perth,Jetstar,2017,1,287,277,57,67
Sydney-Perth,Sydney,Perth,Qantas,2017,3,1963,1925,497,535
Sydney-Perth,Sydney,Perth,Tigerair Australia,2017,17,263,251,41,53
Sydney-Perth,Sydney,Perth,Virgin Australia,2017,7,1126,1092,287,321
Sydney-Port Macquarie,Sydney,Port Macquarie,QantasLink,2017,49,1049,1058,449,440
Sydney-Port Macquarie,Sydney,Port Macquarie,Virgin Australia,2017,5,522,530,167,159
Sydney-Proserpine,Sydney,Proserpine,Jetstar,2017,0,25,24,1,2
Sydney-Proserpine,Sydney,Proserpine,Tigerair Australia,2017,0,41,41,16,16
Sydney-Sunshine Coast,Sydney,Sunshine Coast,Jetstar,2017,10,970,1041,323,252
Sydney-Sunshine Coast,Sydney,Sunshine Coast,QantasLink,2017,16,330,326,69,73
Sydney-Sunshine Coast,Sydney,Sunshine Coast,Virgin Australia,2017,2,442,439,60,63
Sydney-Tamworth,Sydney,Tamworth,QantasLink,2017,60,1332,1355,366,343
Sydney-Tamworth,Sydney,Tamworth,Virgin Australia,2017,6,466,457,95,104
Sydney-Townsville,Sydney,Townsville,Jetstar,2017,2,198,207,107,98
Sydney-Townsville,Sydney,Townsville,Qantas,2017,1,3,2,0,1
Sydney-Townsville,Sydney,Townsville,Virgin Australia,2017,3,267,268,33,32
Sydney-Wagga Wagga,Sydney,Wagga Wagga,QantasLink,2017,20,1040,1061,267,246
Sydney-Wagga Wagga,Sydney,Wagga Wagga,Regional Express,2017,35,1242,1227,206,221
Tamworth-Sydney,Tamworth,Sydney,QantasLink,2017,67,1364,1372,329,321
Tamworth-Sydney,Tamworth,Sydney,Virgin Australia,2017,6,486,478,75,83
Townsville-Brisbane,Townsville,Brisbane,Jetstar,2017,3,401,419,120,102
Townsville-Brisbane,Townsville,Brisbane,Qantas,2017,7,741,741,110,110
Townsville-Brisbane,Townsville,Brisbane,QantasLink,2017,45,717,689,144,172
Townsville-Brisbane,Townsville,Brisbane,Virgin Australia,2017,26,1454,1493,186,147
Townsville-Cairns,Townsville,Cairns,QantasLink,2017,25,1509,1518,122,113
Townsville-Cairns,Townsville,Cairns,Regional Express,2017,19,412,407,32,37
Townsville-Melbourne,Townsville,Melbourne,Jetstar,2017,0,39,39,16,16
Townsville-Melbourne,Townsville,Melbourne,Tigerair Australia,2017,0,22,21,13,14
Townsville-Sydney,Townsville,Sydney,Jetstar,2017,6,169,213,134,90
Townsville-Sydney,Townsville,Sydney,Qantas,2017,1,2,2,1,1
Townsville-Sydney,Townsville,Sydney,Virgin Australia,2017,3,245,246,54,53
Wagga Wagga-Sydney,Wagga Wagga,Sydney,QantasLink,2017,21,1088,1081,220,227
Wagga Wagga-Sydney,Wagga Wagga,Sydney,Regional Express,2017,35,1206,1121,235,320
Adelaide-Alice Springs,Adelaide,Alice Springs,Qantas,2018,2,292,313,70,49
Adelaide-Alice Springs,Adelaide,Alice Springs,Virgin Australia,2018,0,106,95,18,29
Adelaide-Alice Springs,Adelaide,Alice Springs,Virgin Australia Regional Airlines,2018,4,91,79,43,55
Adelaide-Brisbane,Adelaide,Brisbane,Jetstar,2018,5,229,233,77,73
Adelaide-Brisbane,Adelaide,Brisbane,Qantas,2018,0,705,708,95,92
Adelaide-Brisbane,Adelaide,Brisbane,QantasLink,2018,16,547,514,72,105
Adelaide-Brisbane,Adelaide,Brisbane,Tigerair Australia,2018,4,238,224,72,86
Adelaide-Brisbane,Adelaide,Brisbane,Virgin Australia,2018,13,1105,1151,171,125
Adelaide-Canberra,Adelaide,Canberra,Qantas,2018,0,443,454,64,53
Adelaide-Canberra,Adelaide,Canberra,QantasLink,2018,0,8,4,10,14
Adelaide-Canberra,Adelaide,Canberra,Virgin Australia,2018,3,264,266,46,44
Adelaide-Gold Coast,Adelaide,Gold Coast,Jetstar,2018,3,296,322,64,38
Adelaide-Gold Coast,Adelaide,Gold Coast,Virgin Australia,2018,1,350,352,32,30
Adelaide-Melbourne,Adelaide,Melbourne,Jetstar,2018,56,883,941,332,274
Adelaide-Melbourne,Adelaide,Melbourne,Qantas,2018,25,2730,2752,543,521
Adelaide-Melbourne,Adelaide,Melbourne,Tigerair Australia,2018,31,565,569,300,296
Adelaide-Melbourne,Adelaide,Melbourne,Virgin Australia,2018,72,2605,2555,599,649
Adelaide-Melbourne,Adelaide,Melbourne,Virgin Australia Regional Airlines,2018,5,13,13,6,6
Adelaide-Perth,Adelaide,Perth,Jetstar,2018,6,242,255,75,62
Adelaide-Perth,Adelaide,Perth,Qantas,2018,2,1025,1045,147,127
Adelaide-Perth,Adelaide,Perth,QantasLink,2018,4,126,119,6,13
Adelaide-Perth,Adelaide,Perth,Virgin Australia,2018,4,450,423,51,78
Adelaide-Perth,Adelaide,Perth,Virgin Australia Regional Airlines,2018,17,279,245,132,166
Adelaide-Port Lincoln,Adelaide,Port Lincoln,QantasLink,2018,9,1181,1176,110,115
Adelaide-Port Lincoln,Adelaide,Port Lincoln,Regional Express,2018,24,2162,2064,178,276
Adelaide-Sydney,Adelaide,Sydney,Jetstar,2018,59,961,1003,330,288
Adelaide-Sydney,Adelaide,Sydney,Qantas,2018,20,2262,2170,389,481
Adelaide-Sydney,Adelaide,Sydney,QantasLink,2018,16,281,283,76,74
Adelaide-Sydney,Adelaide,Sydney,Tigerair Australia,2018,12,289,288,222,223
Adelaide-Sydney,Adelaide,Sydney,Virgin Australia,2018,22,1631,1582,270,319
Albury-Sydney,Albury,Sydney,QantasLink,2018,14,852,839,243,256
Albury-Sydney,Albury,Sydney,Regional Express,2018,13,897,873,178,202
Albury-Sydney,Albury,Sydney,Virgin Australia,2018,7,541,535,153,159
Alice Springs-Adelaide,Alice Springs,Adelaide,Qantas,2018,2,295,296,67,66
Alice Springs-Adelaide,Alice Springs,Adelaide,Virgin Australia,2018,1,111,108,12,15
Alice Springs-Adelaide,Alice Springs,Adelaide,Virgin Australia Regional Airlines,2018,5,102,98,32,36
Alice Springs-Darwin,Alice Springs,Darwin,QantasLink,2018,14,584,584,38,38
Alice Springs-Darwin,Alice Springs,Darwin,Virgin Australia,2018,0,99,104,20,15
Alice Springs-Darwin,Alice Springs,Darwin,Virgin Australia Regional Airlines,2018,9,95,91,37,41
Armidale-Sydney,Armidale,Sydney,QantasLink,2018,26,1028,1035,294,287
Armidale-Sydney,Armidale,Sydney,Regional Express,2018,5,571,526,237,282
Ayers Rock-Sydney,Ayers Rock,Sydney,Jetstar,2018,2,173,204,165,134
Ayers Rock-Sydney,Ayers Rock,Sydney,Virgin Australia,2018,1,248,286,116,78
Ballina-Sydney,Ballina,Sydney,Jetstar,2018,7,656,737,345,264
Ballina-Sydney,Ballina,Sydney,Regional Express,2018,5,182,164,74,92
Ballina-Sydney,Ballina,Sydney,Virgin Australia,2018,4,348,345,66,69
Brisbane-Adelaide,Brisbane,Adelaide,Jetstar,2018,3,243,253,65,55
Brisbane-Adelaide,Brisbane,Adelaide,Qantas,2018,2,732,752,118,98
Brisbane-Adelaide,Brisbane,Adelaide,QantasLink,2018,11,560,539,67,88
Brisbane-Adelaide,Brisbane,Adelaide,Tigerair Australia,2018,4,269,265,41,45
Brisbane-Adelaide,Brisbane,Adelaide,Virgin Australia,2018,12,1064,1050,173,187
Brisbane-Bundaberg,Brisbane,Bundaberg,QantasLink,2018,4,1125,1132,166,159
Brisbane-Bundaberg,Brisbane,Bundaberg,Virgin Australia,2018,0,318,309,47,56
Brisbane-Cairns,Brisbane,Cairns,Jetstar,2018,20,953,1007,214,160
Brisbane-Cairns,Brisbane,Cairns,Qantas,2018,4,724,721,67,70
Brisbane-Cairns,Brisbane,Cairns,QantasLink,2018,1,536,532,167,171
Brisbane-Cairns,Brisbane,Cairns,Tigerair Australia,2018,6,275,283,92,84
Brisbane-Cairns,Brisbane,Cairns,Virgin Australia,2018,0,1294,1340,227,181
Brisbane-Canberra,Brisbane,Canberra,Qantas,2018,1,165,165,19,19
Brisbane-Canberra,Brisbane,Canberra,QantasLink,2018,20,1359,1350,252,261
Brisbane-Canberra,Brisbane,Canberra,Tigerair Australia,2018,1,137,116,45,66
Brisbane-Canberra,Brisbane,Canberra,Virgin Australia,2018,5,999,993,158,164
Brisbane-Darwin,Brisbane,Darwin,Jetstar,2018,9,252,254,22,20
Brisbane-Darwin,Brisbane,Darwin,Qantas,2018,1,385,410,78,53
Brisbane-Darwin,Brisbane,Darwin,Tigerair Australia,2018,7,179,174,42,47
Brisbane-Darwin,Brisbane,Darwin,Virgin Australia,2018,2,319,301,51,69
Brisbane-Emerald,Brisbane,Emerald,QantasLink,2018,3,1097,1095,115,117
Brisbane-Emerald,Brisbane,Emerald,Virgin Australia,2018,0,553,557,70,66
Brisbane-Gladstone,Brisbane,Gladstone,QantasLink,2018,9,1263,1238,239,264
Brisbane-Gladstone,Brisbane,Gladstone,Virgin Australia,2018,6,794,763,69,100
Brisbane-Hamilton Island,Brisbane,Hamilton Island,QantasLink,2018,5,238,246,59,51
Brisbane-Hamilton Island,Brisbane,Hamilton Island,Virgin Australia,2018,2,309,316,54,47
Brisbane-Hobart,Brisbane,Hobart,Jetstar,2018,0,302,304,29,27
Brisbane-Hobart,Brisbane,Hobart,Qantas,2018,0,4,1,1,4
Brisbane-Hobart,Brisbane,Hobart,Virgin Australia,2018,0,385,382,54,57
Brisbane-Mackay,Brisbane,Mackay,Jetstar,2018,5,310,311,88,87
Brisbane-Mackay,Brisbane,Mackay,QantasLink,2018,23,1169,1176,177,170
Brisbane-Mackay,Brisbane,Mackay,Virgin Australia,2018,5,1418,1422,250,246
Brisbane-Melbourne,Brisbane,Melbourne,Jetstar,2018,57,1043,1117,487,413
Brisbane-Melbourne,Brisbane,Melbourne,Qantas,2018,33,3999,3819,776,956
Brisbane-Melbourne,Brisbane,Melbourne,QantasLink,2018,1,80,72,15,23
Brisbane-Melbourne,Brisbane,Melbourne,Tigerair Australia,2018,74,968,939,426,455
Brisbane-Melbourne,Brisbane,Melbourne,Virgin Australia,2018,148,3740,3331,706,1115
Brisbane-Mount Isa,Brisbane,Mount Isa,Qantas,2018,0,28,28,3,3
Brisbane-Mount Isa,Brisbane,Mount Isa,QantasLink,2018,3,494,350,119,263
Brisbane-Mount Isa,Brisbane,Mount Isa,Virgin Australia,2018,0,189,184,21,26
Brisbane-Newcastle,Brisbane,Newcastle,Jetstar,2018,22,749,756,251,244
Brisbane-Newcastle,Brisbane,Newcastle,QantasLink,2018,21,570,552,92,110
Brisbane-Newcastle,Brisbane,Newcastle,Virgin Australia,2018,5,861,841,136,156
Brisbane-Perth,Brisbane,Perth,Qantas,2018,2,1402,1386,314,330
Brisbane-Perth,Brisbane,Perth,Tigerair Australia,2018,0,32,32,1,1
Brisbane-Perth,Brisbane,Perth,Virgin Australia,2018,2,979,928,294,345
Brisbane-Proserpine,Brisbane,Proserpine,Jetstar,2018,0,337,347,68,58
Brisbane-Proserpine,Brisbane,Proserpine,Tigerair Australia,2018,1,30,31,2,1
Brisbane-Proserpine,Brisbane,Proserpine,Virgin Australia,2018,0,381,374,41,48
Brisbane-Rockhampton,Brisbane,Rockhampton,QantasLink,2018,23,1620,1567,347,400
Brisbane-Rockhampton,Brisbane,Rockhampton,Virgin Australia,2018,7,1341,1309,324,356
Brisbane-Sydney,Brisbane,Sydney,Jetstar,2018,119,1387,1431,585,541
Brisbane-Sydney,Brisbane,Sydney,Qantas,2018,137,5896,5785,1185,1296
Brisbane-Sydney,Brisbane,Sydney,QantasLink,2018,3,93,83,42,52
Brisbane-Sydney,Brisbane,Sydney,Tigerair Australia,2018,58,903,879,368,392
Brisbane-Sydney,Brisbane,Sydney,Virgin Australia,2018,194,5122,4909,917,1130
Brisbane-Townsville,Brisbane,Townsville,Jetstar,2018,4,517,510,109,116
Brisbane-Townsville,Brisbane,Townsville,Qantas,2018,2,605,616,144,133
Brisbane-Townsville,Brisbane,Townsville,QantasLink,2018,5,838,803,117,152
Brisbane-Townsville,Brisbane,Townsville,Virgin Australia,2018,19,1367,1417,274,224
Broome-Perth,Broome,Perth,Qantas,2018,0,2,3,6,5
Broome-Perth,Broome,Perth,QantasLink,2018,29,797,816,183,164
Broome-Perth,Broome,Perth,Virgin Australia,2018,2,39,41,18,16
Broome-Perth,Broome,Perth,Virgin Australia Regional Airlines,2018,25,587,611,214,190
Bundaberg-Brisbane,Bundaberg,Brisbane,QantasLink,2018,6,1141,1149,149,141
Bundaberg-Brisbane,Bundaberg,Brisbane,Virgin Australia,2018,0,318,315,47,50
Cairns-Brisbane,Cairns,Brisbane,Jetstar,2018,16,972,1008,200,164
Cairns-Brisbane,Cairns,Brisbane,Qantas,2018,7,706,704,84,86
Cairns-Brisbane,Cairns,Brisbane,QantasLink,2018,5,562,516,137,183
Cairns-Brisbane,Cairns,Brisbane,Tigerair Australia,2018,6,267,292,100,75
Cairns-Brisbane,Cairns,Brisbane,Virgin Australia,2018,0,1305,1352,215,168
Cairns-Melbourne,Cairns,Melbourne,Jetstar,2018,21,928,916,263,275
Cairns-Melbourne,Cairns,Melbourne,Qantas,2018,0,366,377,114,103
Cairns-Melbourne,Cairns,Melbourne,Tigerair Australia,2018,10,304,318,172,158
Cairns-Melbourne,Cairns,Melbourne,Virgin Australia,2018,1,304,258,117,163
Cairns-Sydney,Cairns,Sydney,Jetstar,2018,19,938,932,210,216
Cairns-Sydney,Cairns,Sydney,Qantas,2018,2,771,783,136,124
Cairns-Sydney,Cairns,Sydney,Tigerair Australia,2018,9,383,394,129,118
Cairns-Sydney,Cairns,Sydney,Virgin Australia,2018,5,882,896,171,157
Cairns-Townsville,Cairns,Townsville,QantasLink,2018,8,1436,1446,156,146
Cairns-Townsville,Cairns,Townsville,Regional Express,2018,9,178,176,26,28
Canberra-Adelaide,Canberra,Adelaide,Qantas,2018,1,453,467,53,39
Canberra-Adelaide,Canberra,Adelaide,QantasLink,2018,0,8,6,10,12
Canberra-Adelaide,Canberra,Adelaide,Virgin Australia,2018,3,244,252,66,58
Canberra-Brisbane,Canberra,Brisbane,Qantas,2018,2,203,205,11,9
Canberra-Brisbane,Canberra,Brisbane,QantasLink,2018,25,1341,1329,233,245
Canberra-Brisbane,Canberra,Brisbane,Tigerair Australia,2018,1,115,124,67,58
Canberra-Brisbane,Canberra,Brisbane,Virgin Australia,2018,3,1004,1008,154,150
Canberra-Melbourne,Canberra,Melbourne,Qantas,2018,30,2415,2363,228,280
Canberra-Melbourne,Canberra,Melbourne,QantasLink,2018,17,538,526,101,113
Canberra-Melbourne,Canberra,Melbourne,Tigerair Australia,2018,8,259,252,148,155
Canberra-Melbourne,Canberra,Melbourne,Virgin Australia,2018,18,1556,1471,348,433
Canberra-Sydney,Canberra,Sydney,Qantas,2018,1,169,165,9,13
Canberra-Sydney,Canberra,Sydney,QantasLink,2018,143,4230,4203,844,871
Canberra-Sydney,Canberra,Sydney,Virgin Australia,2018,83,2282,2268,476,490
Coffs Harbour-Sydney,Coffs Harbour,Sydney,QantasLink,2018,16,1306,1290,259,275
Coffs Harbour-Sydney,Coffs Harbour,Sydney,Tigerair Australia,2018,3,115,118,44,41
Coffs Harbour-Sydney,Coffs Harbour,Sydney,Virgin Australia,2018,14,503,479,80,104
Darwin-Alice Springs,Darwin,Alice Springs,QantasLink,2018,13,584,576,39,47
Darwin-Alice Springs,Darwin,Alice Springs,Virgin Australia,2018,1,112,107,7,12
Darwin-Alice Springs,Darwin,Alice Springs,Virgin Australia Regional Airlines,2018,8,106,100,25,31
Darwin-Brisbane,Darwin,Brisbane,Jetstar,2018,8,230,243,45,32
Darwin-Brisbane,Darwin,Brisbane,Qantas,2018,2,368,392,94,70
Darwin-Brisbane,Darwin,Brisbane,Tigerair Australia,2018,7,193,202,27,18
Darwin-Brisbane,Darwin,Brisbane,Virgin Australia,2018,4,294,274,76,96
Darwin-Melbourne,Darwin,Melbourne,Jetstar,2018,1,164,202,139,101
Darwin-Melbourne,Darwin,Melbourne,Qantas,2018,4,285,269,100,116
Darwin-Melbourne,Darwin,Melbourne,Virgin Australia,2018,3,337,317,33,53
Darwin-Perth,Darwin,Perth,Qantas,2018,1,323,330,77,70
Darwin-Perth,Darwin,Perth,Virgin Australia,2018,1,222,221,64,65
Darwin-Perth,Darwin,Perth,Virgin Australia Regional Airlines,2018,4,59,62,23,20
Darwin-Sydney,Darwin,Sydney,Jetstar,2018,8,209,209,61,61
Darwin-Sydney,Darwin,Sydney,Qantas,2018,3,369,410,201,160
Darwin-Sydney,Darwin,Sydney,Virgin Australia,2018,2,289,252,78,115
Dubbo-Sydney,Dubbo,Sydney,QantasLink,2018,12,990,962,236,264
Dubbo-Sydney,Dubbo,Sydney,Regional Express,2018,9,1182,1099,267,350
Emerald-Brisbane,Emerald,Brisbane,QantasLink,2018,10,1059,1024,144,179
Emerald-Brisbane,Emerald,Brisbane,Virgin Australia,2018,1,574,579,49,44
Geraldton-Perth,Geraldton,Perth,QantasLink,2018,13,507,501,37,43
Geraldton-Perth,Geraldton,Perth,Virgin Australia Regional Airlines,2018,12,443,457,153,139
Gladstone-Brisbane,Gladstone,Brisbane,QantasLink,2018,13,1246,1268,252,230
Gladstone-Brisbane,Gladstone,Brisbane,Virgin Australia,2018,9,774,758,87,103
Gold Coast-Adelaide,Gold Coast,Adelaide,Jetstar,2018,0,329,321,32,40
Gold Coast-Adelaide,Gold Coast,Adelaide,Virgin Australia,2018,1,324,320,60,64
Gold Coast-Melbourne,Gold Coast,Melbourne,Jetstar,2018,41,1691,1793,562,460
Gold Coast-Melbourne,Gold Coast,Melbourne,Qantas,2018,2,259,285,122,96
Gold Coast-Melbourne,Gold Coast,Melbourne,Tigerair Australia,2018,31,573,577,347,343
Gold Coast-Melbourne,Gold Coast,Melbourne,Virgin Australia,2018,24,1625,1699,631,557
Gold Coast-Sydney,Gold Coast,Sydney,Jetstar,2018,103,2572,2630,787,729
Gold Coast-Sydney,Gold Coast,Sydney,Qantas,2018,4,894,898,190,186
Gold Coast-Sydney,Gold Coast,Sydney,QantasLink,2018,6,232,226,67,73
Gold Coast-Sydney,Gold Coast,Sydney,Tigerair Australia,2018,42,774,791,412,395
Gold Coast-Sydney,Gold Coast,Sydney,Virgin Australia,2018,57,2340,2402,624,562
Hamilton Island-Brisbane,Hamilton Island,Brisbane,QantasLink,2018,5,231,223,66,74
Hamilton Island-Brisbane,Hamilton Island,Brisbane,Virgin Australia,2018,2,315,322,48,41
Hamilton Island-Sydney,Hamilton Island,Sydney,Jetstar,2018,1,227,227,67,67
Hamilton Island-Sydney,Hamilton Island,Sydney,Qantas,2018,0,101,104,17,14
Hamilton Island-Sydney,Hamilton Island,Sydney,QantasLink,2018,9,168,170,37,35
Hamilton Island-Sydney,Hamilton Island,Sydney,Virgin Australia,2018,6,261,265,47,43
Hobart-Brisbane,Hobart,Brisbane,Jetstar,2018,0,271,298,60,33
Hobart-Brisbane,Hobart,Brisbane,Qantas,2018,0,1,1,4,4
Hobart-Brisbane,Hobart,Brisbane,Virgin Australia,2018,1,318,324,120,114
Hobart-Melbourne,Hobart,Melbourne,Jetstar,2018,48,1234,1259,869,844
Hobart-Melbourne,Hobart,Melbourne,Qantas,2018,4,904,866,171,209
Hobart-Melbourne,Hobart,Melbourne,QantasLink,2018,6,250,240,37,47
Hobart-Melbourne,Hobart,Melbourne,Tigerair Australia,2018,7,296,276,191,211
Hobart-Melbourne,Hobart,Melbourne,Virgin Australia,2018,12,1269,1164,439,544
Hobart-Sydney,Hobart,Sydney,Jetstar,2018,10,653,685,347,315
Hobart-Sydney,Hobart,Sydney,Qantas,2018,0,168,168,41,41
Hobart-Sydney,Hobart,Sydney,QantasLink,2018,15,424,394,69,99
Hobart-Sydney,Hobart,Sydney,Virgin Australia,2018,10,691,682,168,177
Kalgoorlie-Perth,Kalgoorlie,Perth,Qantas,2018,0,98,102,13,9
Kalgoorlie-Perth,Kalgoorlie,Perth,QantasLink,2018,18,760,763,77,74
Kalgoorlie-Perth,Kalgoorlie,Perth,Virgin Australia,2018,3,355,361,66,60
Kalgoorlie-Perth,Kalgoorlie,Perth,Virgin Australia Regional Airlines,2018,12,344,348,61,57
Karratha-Perth,Karratha,Perth,Qantas,2018,6,135,141,15,9
Karratha-Perth,Karratha,Perth,QantasLink,2018,37,1754,1762,263,255
Karratha-Perth,Karratha,Perth,Virgin Australia,2018,1,55,51,15,19
Karratha-Perth,Karratha,Perth,Virgin Australia Regional Airlines,2018,27,573,554,168,187
Launceston-Melbourne,Launceston,Melbourne,Jetstar,2018,19,998,1012,536,522
Launceston-Melbourne,Launceston,Melbourne,QantasLink,2018,28,1119,1081,201,239
Launceston-Melbourne,Launceston,Melbourne,Virgin Australia,2018,1,999,912,206,293
Launceston-Sydney,Launceston,Sydney,Jetstar,2018,15,406,405,160,161
Launceston-Sydney,Launceston,Sydney,Virgin Australia,2018,0,294,305,73,62
Mackay-Brisbane,Mackay,Brisbane,Jetstar,2018,11,285,325,111,71
Mackay-Brisbane,Mackay,Brisbane,QantasLink,2018,20,1129,1100,190,219
Mackay-Brisbane,Mackay,Brisbane,Virgin Australia,2018,6,1510,1518,158,150
Melbourne-Adelaide,Melbourne,Adelaide,Jetstar,2018,52,887,849,332,370
Melbourne-Adelaide,Melbourne,Adelaide,Qantas,2018,14,2751,2700,543,594
Melbourne-Adelaide,Melbourne,Adelaide,Tigerair Australia,2018,30,654,629,213,238
Melbourne-Adelaide,Melbourne,Adelaide,Virgin Australia,2018,70,2645,2571,528,602
Melbourne-Adelaide,Melbourne,Adelaide,Virgin Australia Regional Airlines,2018,5,10,8,9,11
Melbourne-Brisbane,Melbourne,Brisbane,Jetstar,2018,54,976,1064,557,469
Melbourne-Brisbane,Melbourne,Brisbane,Qantas,2018,46,3832,3880,1035,987
Melbourne-Brisbane,Melbourne,Brisbane,QantasLink,2018,2,73,71,23,25
Melbourne-Brisbane,Melbourne,Brisbane,Tigerair Australia,2018,72,979,985,418,412
Melbourne-Brisbane,Melbourne,Brisbane,Virgin Australia,2018,145,3697,3567,694,824
Melbourne-Cairns,Melbourne,Cairns,Jetstar,2018,16,862,909,334,287
Melbourne-Cairns,Melbourne,Cairns,Qantas,2018,0,378,380,102,100
Melbourne-Cairns,Melbourne,Cairns,Tigerair Australia,2018,10,384,357,92,119
Melbourne-Cairns,Melbourne,Cairns,Virgin Australia,2018,2,359,350,61,70
Melbourne-Canberra,Melbourne,Canberra,Qantas,2018,32,2289,2284,382,387
Melbourne-Canberra,Melbourne,Canberra,QantasLink,2018,23,540,540,92,92
Melbourne-Canberra,Melbourne,Canberra,Tigerair Australia,2018,8,284,285,123,122
Melbourne-Canberra,Melbourne,Canberra,Virgin Australia,2018,27,1585,1553,311,343
Melbourne-Darwin,Melbourne,Darwin,Jetstar,2018,1,215,192,89,112
Melbourne-Darwin,Melbourne,Darwin,Qantas,2018,2,338,331,49,56
Melbourne-Darwin,Melbourne,Darwin,Virgin Australia,2018,2,269,270,104,103
Melbourne-Gold Coast,Melbourne,Gold Coast,Jetstar,2018,37,1656,1659,598,595
Melbourne-Gold Coast,Melbourne,Gold Coast,Qantas,2018,1,308,295,74,87
Melbourne-Gold Coast,Melbourne,Gold Coast,Tigerair Australia,2018,28,663,653,257,267
Melbourne-Gold Coast,Melbourne,Gold Coast,Virgin Australia,2018,21,1860,1814,396,442
Melbourne-Hobart,Melbourne,Hobart,Jetstar,2018,42,1538,1475,570,633
Melbourne-Hobart,Melbourne,Hobart,Qantas,2018,2,903,877,177,203
Melbourne-Hobart,Melbourne,Hobart,QantasLink,2018,6,251,239,36,48
Melbourne-Hobart,Melbourne,Hobart,Tigerair Australia,2018,5,372,337,116,151
Melbourne-Hobart,Melbourne,Hobart,Virgin Australia,2018,15,1400,1307,308,401
Melbourne-Launceston,Melbourne,Launceston,Jetstar,2018,18,1094,1111,439,422
Melbourne-Launceston,Melbourne,Launceston,QantasLink,2018,29,1080,1096,239,223
Melbourne-Launceston,Melbourne,Launceston,Virgin Australia,2018,0,973,908,230,295
Melbourne-Mildura,Melbourne,Mildura,QantasLink,2018,21,973,954,130,149
Melbourne-Mildura,Melbourne,Mildura,Regional Express,2018,4,781,723,109,167
Melbourne-Mildura,Melbourne,Mildura,Virgin Australia,2018,0,302,272,63,93
Melbourne-Newcastle,Melbourne,Newcastle,Jetstar,2018,28,851,908,425,368
Melbourne-Newcastle,Melbourne,Newcastle,Virgin Australia,2018,4,324,310,69,83
Melbourne-Perth,Melbourne,Perth,Jetstar,2018,24,466,484,99,81
Melbourne-Perth,Melbourne,Perth,Qantas,2018,10,1668,1719,723,672
Melbourne-Perth,Melbourne,Perth,Tigerair Australia,2018,23,394,378,185,201
Melbourne-Perth,Melbourne,Perth,Virgin Australia,2018,6,1179,1205,506,480
Melbourne-Sunshine Coast,Melbourne,Sunshine Coast,Jetstar,2018,7,749,766,246,229
Melbourne-Sunshine Coast,Melbourne,Sunshine Coast,QantasLink,2018,0,13,12,5,6
Melbourne-Sunshine Coast,Melbourne,Sunshine Coast,Virgin Australia,2018,4,638,652,144,130
Melbourne-Sydney,Melbourne,Sydney,Jetstar,2018,293,3067,2952,1337,1452
Melbourne-Sydney,Melbourne,Sydney,Qantas,2018,687,8912,8486,2225,2651
Melbourne-Sydney,Melbourne,Sydney,QantasLink,2018,0,9,8,0,1
Melbourne-Sydney,Melbourne,Sydney,Tigerair Australia,2018,160,1884,1798,1021,1107
Melbourne-Sydney,Melbourne,Sydney,Virgin Australia,2018,389,7016,6610,1453,1859
Melbourne-Townsville,Melbourne,Townsville,Jetstar,2018,0,131,133,47,45
Melbourne-Townsville,Melbourne,Townsville,Tigerair Australia,2018,4,81,75,25,31
Mildura-Melbourne,Mildura,Melbourne,QantasLink,2018,23,941,929,160,172
Mildura-Melbourne,Mildura,Melbourne,Regional Express,2018,4,680,637,210,253
Mildura-Melbourne,Mildura,Melbourne,Virgin Australia,2018,0,295,287,70,78
Mount Isa-Brisbane,Mount Isa,Brisbane,Qantas,2018,0,20,24,11,7
Mount Isa-Brisbane,Mount Isa,Brisbane,QantasLink,2018,3,408,431,199,176
Mount Isa-Brisbane,Mount Isa,Brisbane,Virgin Australia,2018,0,174,150,35,59
Newcastle-Brisbane,Newcastle,Brisbane,Jetstar,2018,22,814,786,185,213
Newcastle-Brisbane,Newcastle,Brisbane,QantasLink,2018,24,560,565,99,94
Newcastle-Brisbane,Newcastle,Brisbane,Virgin Australia,2018,8,851,853,145,143
Newcastle-Melbourne,Newcastle,Melbourne,Jetstar,2018,35,897,892,369,374
Newcastle-Melbourne,Newcastle,Melbourne,Virgin Australia,2018,7,303,278,87,112
Newman-Perth,Newman,Perth,Qantas,2018,8,368,362,19,25
Newman-Perth,Newman,Perth,QantasLink,2018,30,971,991,153,133
Newman-Perth,Newman,Perth,Virgin Australia,2018,0,178,177,12,13
Newman-Perth,Newman,Perth,Virgin Australia Regional Airlines,2018,4,235,229,45,51
Perth-Adelaide,Perth,Adelaide,Jetstar,2018,9,219,251,97,65
Perth-Adelaide,Perth,Adelaide,Qantas,2018,2,1086,1097,137,126
Perth-Adelaide,Perth,Adelaide,QantasLink,2018,0,134,121,3,16
Perth-Adelaide,Perth,Adelaide,Virgin Australia,2018,4,443,437,77,83
Perth-Adelaide,Perth,Adelaide,Virgin Australia Regional Airlines,2018,11,345,273,74,146
Perth-Brisbane,Perth,Brisbane,Qantas,2018,2,1455,1446,237,246
Perth-Brisbane,Perth,Brisbane,Tigerair Australia,2018,0,31,31,2,2
Perth-Brisbane,Perth,Brisbane,Virgin Australia,2018,3,1078,1079,190,189
Perth-Broome,Perth,Broome,Qantas,2018,0,5,6,3,2
Perth-Broome,Perth,Broome,QantasLink,2018,22,855,871,136,120
Perth-Broome,Perth,Broome,Virgin Australia,2018,0,50,48,9,11
Perth-Broome,Perth,Broome,Virgin Australia Regional Airlines,2018,18,639,631,166,174
Perth-Darwin,Perth,Darwin,Qantas,2018,1,360,363,40,37
Perth-Darwin,Perth,Darwin,Virgin Australia,2018,1,237,238,47,46
Perth-Darwin,Perth,Darwin,Virgin Australia Regional Airlines,2018,3,61,66,21,16
Perth-Geraldton,Perth,Geraldton,QantasLink,2018,8,493,499,56,50
Perth-Geraldton,Perth,Geraldton,Virgin Australia Regional Airlines,2018,9,471,465,129,135
Perth-Kalgoorlie,Perth,Kalgoorlie,Qantas,2018,0,103,104,7,6
Perth-Kalgoorlie,Perth,Kalgoorlie,QantasLink,2018,14,756,750,84,90
Perth-Kalgoorlie,Perth,Kalgoorlie,Virgin Australia,2018,2,392,389,31,34
Perth-Kalgoorlie,Perth,Kalgoorlie,Virgin Australia Regional Airlines,2018,13,352,342,50,60
Perth-Karratha,Perth,Karratha,Qantas,2018,3,143,143,8,8
Perth-Karratha,Perth,Karratha,QantasLink,2018,27,1758,1708,272,322
Perth-Karratha,Perth,Karratha,Virgin Australia,2018,1,62,53,8,17
Perth-Karratha,Perth,Karratha,Virgin Australia Regional Airlines,2018,23,658,596,89,151
Perth-Melbourne,Perth,Melbourne,Jetstar,2018,26,406,458,156,104
Perth-Melbourne,Perth,Melbourne,Qantas,2018,11,1960,1991,453,422
Perth-Melbourne,Perth,Melbourne,Tigerair Australia,2018,25,391,416,186,161
Perth-Melbourne,Perth,Melbourne,Virgin Australia,2018,7,1400,1365,274,309
Perth-Newman,Perth,Newman,Qantas,2018,7,372,375,16,13
Perth-Newman,Perth,Newman,QantasLink,2018,16,1007,997,131,141
Perth-Newman,Perth,Newman,Virgin Australia,2018,0,185,183,6,8
Perth-Newman,Perth,Newman,Virgin Australia Regional Airlines,2018,5,243,229,33,47
Perth-Port Hedland,Perth,Port Hedland,Qantas,2018,2,313,317,23,19
Perth-Port Hedland,Perth,Port Hedland,QantasLink,2018,34,1052,1029,165,188
Perth-Port Hedland,Perth,Port Hedland,Virgin Australia,2018,0,270,262,16,24
Perth-Port Hedland,Perth,Port Hedland,Virgin Australia Regional Airlines,2018,0,298,286,41,53
Perth-Sydney,Perth,Sydney,Jetstar,2018,8,198,236,120,82
Perth-Sydney,Perth,Sydney,Qantas,2018,18,1843,1893,556,506
Perth-Sydney,Perth,Sydney,Tigerair Australia,2018,9,244,258,72,58
Perth-Sydney,Perth,Sydney,Virgin Australia,2018,3,1203,1239,236,200
Port Hedland-Perth,Port Hedland,Perth,Qantas,2018,2,292,306,44,30
Port Hedland-Perth,Port Hedland,Perth,QantasLink,2018,44,1041,994,150,197
Port Hedland-Perth,Port Hedland,Perth,Virgin Australia,2018,0,257,263,27,21
Port Hedland-Perth,Port Hedland,Perth,Virgin Australia Regional Airlines,2018,0,282,277,58,63
Port Lincoln-Adelaide,Port Lincoln,Adelaide,QantasLink,2018,15,1170,1172,115,113
Port Lincoln-Adelaide,Port Lincoln,Adelaide,Regional Express,2018,30,2102,2036,235,301
Port Macquarie-Sydney,Port Macquarie,Sydney,QantasLink,2018,16,924,916,258,266
Port Macquarie-Sydney,Port Macquarie,Sydney,Virgin Australia,2018,11,463,482,231,212
Proserpine-Brisbane,Proserpine,Brisbane,Jetstar,2018,1,321,322,83,82
Proserpine-Brisbane,Proserpine,Brisbane,Tigerair Australia,2018,1,30,28,2,4
Proserpine-Brisbane,Proserpine,Brisbane,Virgin Australia,2018,1,363,379,59,43
Proserpine-Sydney,Proserpine,Sydney,Jetstar,2018,0,119,128,37,28
Proserpine-Sydney,Proserpine,Sydney,Tigerair Australia,2018,2,211,211,83,83
Rockhampton-Brisbane,Rockhampton,Brisbane,QantasLink,2018,22,1619,1579,372,412
Rockhampton-Brisbane,Rockhampton,Brisbane,Virgin Australia,2018,6,1409,1427,259,241
Sunshine Coast-Melbourne,Sunshine Coast,Melbourne,Jetstar,2018,9,603,665,390,328
Sunshine Coast-Melbourne,Sunshine Coast,Melbourne,QantasLink,2018,0,16,15,1,2
Sunshine Coast-Melbourne,Sunshine Coast,Melbourne,Virgin Australia,2018,4,514,534,267,247
Sunshine Coast-Sydney,Sunshine Coast,Sydney,Jetstar,2018,25,833,892,439,380
Sunshine Coast-Sydney,Sunshine Coast,Sydney,QantasLink,2018,9,318,304,86,100
Sunshine Coast-Sydney,Sunshine Coast,Sydney,Virgin Australia,2018,8,508,488,114,134
Sydney-Adelaide,Sydney,Adelaide,Jetstar,2018,52,926,958,367,335
Sydney-Adelaide,Sydney,Adelaide,Qantas,2018,16,2083,2107,460,436
Sydney-Adelaide,Sydney,Adelaide,QantasLink,2018,15,287,273,68,82
Sydney-Adelaide,Sydney,Adelaide,Tigerair Australia,2018,10,328,328,185,185
Sydney-Adelaide,Sydney,Adelaide,Virgin Australia,2018,20,1650,1623,305,332
Sydney-Albury,Sydney,Albury,QantasLink,2018,15,854,855,240,239
Sydney-Albury,Sydney,Albury,Regional Express,2018,12,873,852,213,234
Sydney-Albury,Sydney,Albury,Virgin Australia,2018,7,541,546,153,148
Sydney-Armidale,Sydney,Armidale,QantasLink,2018,17,1059,1051,272,280
Sydney-Armidale,Sydney,Armidale,Regional Express,2018,0,628,631,174,171
Sydney-Ayers Rock,Sydney,Ayers Rock,Jetstar,2018,0,256,242,83,97
Sydney-Ayers Rock,Sydney,Ayers Rock,Virgin Australia,2018,1,304,294,60,70
Sydney-Ballina,Sydney,Ballina,Jetstar,2018,5,807,794,195,208
Sydney-Ballina,Sydney,Ballina,Regional Express,2018,1,192,181,69,80
Sydney-Ballina,Sydney,Ballina,Virgin Australia,2018,4,363,355,51,59
Sydney-Brisbane,Sydney,Brisbane,Jetstar,2018,111,1425,1493,549,481
Sydney-Brisbane,Sydney,Brisbane,Qantas,2018,121,5695,5657,1346,1384
Sydney-Brisbane,Sydney,Brisbane,QantasLink,2018,7,124,120,40,44
Sydney-Brisbane,Sydney,Brisbane,Tigerair Australia,2018,58,960,917,312,355
Sydney-Brisbane,Sydney,Brisbane,Virgin Australia,2018,181,4890,4810,1184,1264
Sydney-Cairns,Sydney,Cairns,Jetstar,2018,15,885,972,267,180
Sydney-Cairns,Sydney,Cairns,Qantas,2018,2,745,775,161,131
Sydney-Cairns,Sydney,Cairns,Tigerair Australia,2018,8,430,422,83,91
Sydney-Cairns,Sydney,Cairns,Virgin Australia,2018,4,833,862,221,192
Sydney-Canberra,Sydney,Canberra,Qantas,2018,1,169,166,9,12
Sydney-Canberra,Sydney,Canberra,QantasLink,2018,112,4182,4123,892,951
Sydney-Canberra,Sydney,Canberra,Virgin Australia,2018,85,2146,2220,610,536
Sydney-Coffs Harbour,Sydney,Coffs Harbour,QantasLink,2018,13,1234,1307,334,261
Sydney-Coffs Harbour,Sydney,Coffs Harbour,Tigerair Australia,2018,3,126,117,33,42
Sydney-Coffs Harbour,Sydney,Coffs Harbour,Virgin Australia,2018,13,515,513,69,71
Sydney-Darwin,Sydney,Darwin,Jetstar,2018,5,204,203,67,68
Sydney-Darwin,Sydney,Darwin,Qantas,2018,4,379,428,190,141
Sydney-Darwin,Sydney,Darwin,Virgin Australia,2018,3,305,300,62,67
Sydney-Dubbo,Sydney,Dubbo,QantasLink,2018,6,974,968,257,263
Sydney-Dubbo,Sydney,Dubbo,Regional Express,2018,7,1184,1221,269,232
Sydney-Gold Coast,Sydney,Gold Coast,Jetstar,2018,91,2582,2643,783,722
Sydney-Gold Coast,Sydney,Gold Coast,Qantas,2018,6,821,861,262,222
Sydney-Gold Coast,Sydney,Gold Coast,QantasLink,2018,5,237,231,63,69
Sydney-Gold Coast,Sydney,Gold Coast,Tigerair Australia,2018,39,908,851,278,335
Sydney-Gold Coast,Sydney,Gold Coast,Virgin Australia,2018,48,2409,2364,567,612
Sydney-Hamilton Island,Sydney,Hamilton Island,Jetstar,2018,1,233,247,61,47
Sydney-Hamilton Island,Sydney,Hamilton Island,Qantas,2018,0,96,102,22,16
Sydney-Hamilton Island,Sydney,Hamilton Island,QantasLink,2018,7,173,165,34,42
Sydney-Hamilton Island,Sydney,Hamilton Island,Virgin Australia,2018,5,267,262,42,47
Sydney-Hobart,Sydney,Hobart,Jetstar,2018,8,792,812,208,188
Sydney-Hobart,Sydney,Hobart,Qantas,2018,0,177,189,33,21
Sydney-Hobart,Sydney,Hobart,QantasLink,2018,9,392,381,106,117
Sydney-Hobart,Sydney,Hobart,Virgin Australia,2018,9,762,735,96,123
Sydney-Launceston,Sydney,Launceston,Jetstar,2018,3,452,476,117,93
Sydney-Launceston,Sydney,Launceston,Virgin Australia,2018,1,306,317,63,52
Sydney-Melbourne,Sydney,Melbourne,Jetstar,2018,296,3056,3087,1349,1318
Sydney-Melbourne,Sydney,Melbourne,Qantas,2018,698,8578,8270,2676,2984
Sydney-Melbourne,Sydney,Melbourne,QantasLink,2018,0,9,10,1,0
Sydney-Melbourne,Sydney,Melbourne,Tigerair Australia,2018,160,1793,1691,1112,1214
Sydney-Melbourne,Sydney,Melbourne,Virgin Australia,2018,392,6733,6333,1642,2042
Sydney-Perth,Sydney,Perth,Jetstar,2018,5,195,226,127,96
Sydney-Perth,Sydney,Perth,Qantas,2018,13,1725,1801,729,653
Sydney-Perth,Sydney,Perth,Tigerair Australia,2018,7,238,249,80,69
Sydney-Perth,Sydney,Perth,Virgin Australia,2018,2,1025,1042,421,404
Sydney-Port Macquarie,Sydney,Port Macquarie,QantasLink,2018,13,951,921,233,263
Sydney-Port Macquarie,Sydney,Port Macquarie,Virgin Australia,2018,7,520,530,178,168
Sydney-Proserpine,Sydney,Proserpine,Jetstar,2018,0,139,139,17,17
Sydney-Proserpine,Sydney,Proserpine,Tigerair Australia,2018,2,225,234,70,61
Sydney-Sunshine Coast,Sydney,Sunshine Coast,Jetstar,2018,22,910,950,363,323
Sydney-Sunshine Coast,Sydney,Sunshine Coast,QantasLink,2018,5,326,330,85,81
Sydney-Sunshine Coast,Sydney,Sunshine Coast,Virgin Australia,2018,6,517,521,106,102
Sydney-Tamworth,Sydney,Tamworth,QantasLink,2018,26,1131,1117,278,292
Sydney-Tamworth,Sydney,Tamworth,Virgin Australia,2018,7,476,464,117,129
Sydney-Townsville,Sydney,Townsville,Jetstar,2018,2,213,217,91,87
Sydney-Townsville,Sydney,Townsville,Virgin Australia,2018,3,250,257,50,43
Sydney-Wagga Wagga,Sydney,Wagga Wagga,QantasLink,2018,9,924,964,221,181
Sydney-Wagga Wagga,Sydney,Wagga Wagga,Regional Express,2018,14,1212,1200,179,191
Tamworth-Sydney,Tamworth,Sydney,QantasLink,2018,33,1157,1139,246,264
Tamworth-Sydney,Tamworth,Sydney,Virgin Australia,2018,7,505,485,88,108
Townsville-Brisbane,Townsville,Brisbane,Jetstar,2018,7,474,494,151,131
Townsville-Brisbane,Townsville,Brisbane,Qantas,2018,3,651,654,97,94
Townsville-Brisbane,Townsville,Brisbane,QantasLink,2018,11,805,768,143,180
Townsville-Brisbane,Townsville,Brisbane,Virgin Australia,2018,20,1519,1526,123,116
Townsville-Cairns,Townsville,Cairns,QantasLink,2018,15,1423,1422,162,163
Townsville-Cairns,Townsville,Cairns,Regional Express,2018,11,178,178,23,23
Townsville-Melbourne,Townsville,Melbourne,Jetstar,2018,0,115,123,63,55
Townsville-Melbourne,Townsville,Melbourne,Tigerair Australia,2018,5,68,75,37,30
Townsville-Sydney,Townsville,Sydney,Jetstar,2018,4,202,223,100,79
Townsville-Sydney,Townsville,Sydney,Virgin Australia,2018,3,247,244,53,56
Wagga Wagga-Sydney,Wagga Wagga,Sydney,QantasLink,2018,10,939,937,205,207
Wagga Wagga-Sydney,Wagga Wagga,Sydney,Regional Express,2018,14,1156,1078,240,318
Adelaide-Alice Springs,Adelaide,Alice Springs,Qantas,2019,0,310,304,55,61
Adelaide-Alice Springs,Adelaide,Alice Springs,Virgin Australia,2019,0,137,131,14,20
Adelaide-Alice Springs,Adelaide,Alice Springs,Virgin Australia Regional Airlines,2019,3,74,66,37,45
Adelaide-Brisbane,Adelaide,Brisbane,Jetstar,2019,4,242,259,59,42
Adelaide-Brisbane,Adelaide,Brisbane,Qantas,2019,2,992,1000,151,143
Adelaide-Brisbane,Adelaide,Brisbane,QantasLink,2019,4,130,128,15,17
Adelaide-Brisbane,Adelaide,Brisbane,Tigerair Australia,2019,5,238,243,107,102
Adelaide-Brisbane,Adelaide,Brisbane,Virgin Australia,2019,3,1150,1181,167,136
Adelaide-Canberra,Adelaide,Canberra,Qantas,2019,5,432,448,88,72
Adelaide-Canberra,Adelaide,Canberra,QantasLink,2019,0,42,37,9,14
Adelaide-Canberra,Adelaide,Canberra,Virgin Australia,2019,0,275,271,35,39
Adelaide-Gold Coast,Adelaide,Gold Coast,Jetstar,2019,3,286,302,54,38
Adelaide-Gold Coast,Adelaide,Gold Coast,Virgin Australia,2019,0,354,350,25,29
Adelaide-Melbourne,Adelaide,Melbourne,Jetstar,2019,55,825,866,389,348
Adelaide-Melbourne,Adelaide,Melbourne,Qantas,2019,53,2756,2726,606,636
Adelaide-Melbourne,Adelaide,Melbourne,Tigerair Australia,2019,23,551,541,337,347
Adelaide-Melbourne,Adelaide,Melbourne,Virgin Australia,2019,57,2568,2495,536,609
Adelaide-Melbourne,Adelaide,Melbourne,Virgin Australia Regional Airlines,2019,4,85,82,27,30
Adelaide-Perth,Adelaide,Perth,Jetstar,2019,6,233,256,69,46
Adelaide-Perth,Adelaide,Perth,Qantas,2019,2,1161,1200,205,166
Adelaide-Perth,Adelaide,Perth,QantasLink,2019,0,4,4,0,0
Adelaide-Perth,Adelaide,Perth,Virgin Australia,2019,0,373,374,53,52
Adelaide-Perth,Adelaide,Perth,Virgin Australia Regional Airlines,2019,13,328,300,171,199
Adelaide-Port Lincoln,Adelaide,Port Lincoln,QantasLink,2019,17,1076,1073,129,132
Adelaide-Port Lincoln,Adelaide,Port Lincoln,Regional Express,2019,16,2362,2300,141,203
Adelaide-Sydney,Adelaide,Sydney,Jetstar,2019,62,965,959,294,300
Adelaide-Sydney,Adelaide,Sydney,Qantas,2019,14,2184,2040,571,715
Adelaide-Sydney,Adelaide,Sydney,QantasLink,2019,3,85,84,17,18
Adelaide-Sydney,Adelaide,Sydney,Tigerair Australia,2019,6,204,189,146,161
Adelaide-Sydney,Adelaide,Sydney,Virgin Australia,2019,13,1618,1516,302,404
Albury-Sydney,Albury,Sydney,QantasLink,2019,22,870,830,314,354
Albury-Sydney,Albury,Sydney,Regional Express,2019,15,977,927,163,213
Albury-Sydney,Albury,Sydney,Virgin Australia,2019,5,492,481,177,188
Alice Springs-Adelaide,Alice Springs,Adelaide,Qantas,2019,0,281,293,83,71
Alice Springs-Adelaide,Alice Springs,Adelaide,Virgin Australia,2019,1,141,140,9,10
Alice Springs-Adelaide,Alice Springs,Adelaide,Virgin Australia Regional Airlines,2019,3,78,71,32,39
Alice Springs-Darwin,Alice Springs,Darwin,Qantas,2019,12,380,379,21,22
Alice Springs-Darwin,Alice Springs,Darwin,QantasLink,2019,10,188,172,15,31
Alice Springs-Darwin,Alice Springs,Darwin,Virgin Australia,2019,0,132,134,15,13
Alice Springs-Darwin,Alice Springs,Darwin,Virgin Australia Regional Airlines,2019,3,64,66,37,35
Armidale-Sydney,Armidale,Sydney,QantasLink,2019,30,950,910,416,456
Armidale-Sydney,Armidale,Sydney,Regional Express,2019,13,607,544,189,252
Ayers Rock-Sydney,Ayers Rock,Sydney,Jetstar,2019,3,185,194,156,147
Ayers Rock-Sydney,Ayers Rock,Sydney,Virgin Australia,2019,1,250,270,114,94
Ballina-Sydney,Ballina,Sydney,Jetstar,2019,19,648,678,313,283
Ballina-Sydney,Ballina,Sydney,Regional Express,2019,3,192,169,64,87
Ballina-Sydney,Ballina,Sydney,Virgin Australia,2019,5,318,332,102,88
Brisbane-Adelaide,Brisbane,Adelaide,Jetstar,2019,4,256,260,45,41
Brisbane-Adelaide,Brisbane,Adelaide,Qantas,2019,1,960,996,168,132
Brisbane-Adelaide,Brisbane,Adelaide,QantasLink,2019,2,123,120,24,27
Brisbane-Adelaide,Brisbane,Adelaide,Tigerair Australia,2019,5,265,250,80,95
Brisbane-Adelaide,Brisbane,Adelaide,Virgin Australia,2019,2,1098,1093,183,188
Brisbane-Bundaberg,Brisbane,Bundaberg,QantasLink,2019,9,1260,1247,162,175
Brisbane-Bundaberg,Brisbane,Bundaberg,Virgin Australia,2019,0,326,331,39,34
Brisbane-Cairns,Brisbane,Cairns,Jetstar,2019,28,923,961,203,165
Brisbane-Cairns,Brisbane,Cairns,Qantas,2019,0,354,361,32,25
Brisbane-Cairns,Brisbane,Cairns,QantasLink,2019,27,1209,1175,261,295
Brisbane-Cairns,Brisbane,Cairns,Tigerair Australia,2019,1,250,254,113,109
Brisbane-Cairns,Brisbane,Cairns,Virgin Australia,2019,4,1292,1304,263,251
Brisbane-Canberra,Brisbane,Canberra,Qantas,2019,0,41,39,4,6
Brisbane-Canberra,Brisbane,Canberra,QantasLink,2019,18,1432,1434,321,319
Brisbane-Canberra,Brisbane,Canberra,Tigerair Australia,2019,0,228,223,64,69
Brisbane-Canberra,Brisbane,Canberra,Virgin Australia,2019,2,979,979,180,180
Brisbane-Darwin,Brisbane,Darwin,Jetstar,2019,6,241,247,25,19
Brisbane-Darwin,Brisbane,Darwin,Qantas,2019,0,350,367,89,72
Brisbane-Darwin,Brisbane,Darwin,Tigerair Australia,2019,3,151,161,37,27
Brisbane-Darwin,Brisbane,Darwin,Virgin Australia,2019,0,304,265,68,107
Brisbane-Emerald,Brisbane,Emerald,QantasLink,2019,11,1255,1242,163,176
Brisbane-Emerald,Brisbane,Emerald,Virgin Australia,2019,0,568,555,39,52
Brisbane-Gladstone,Brisbane,Gladstone,QantasLink,2019,15,1414,1384,208,238
Brisbane-Gladstone,Brisbane,Gladstone,Virgin Australia,2019,1,798,786,49,61
Brisbane-Hamilton Island,Brisbane,Hamilton Island,QantasLink,2019,12,253,276,96,73
Brisbane-Hamilton Island,Brisbane,Hamilton Island,Virgin Australia,2019,3,307,303,53,57
Brisbane-Hobart,Brisbane,Hobart,Jetstar,2019,3,312,306,21,27
Brisbane-Hobart,Brisbane,Hobart,Qantas,2019,0,2,1,0,1
Brisbane-Hobart,Brisbane,Hobart,Virgin Australia,2019,0,418,413,65,70
Brisbane-Mackay,Brisbane,Mackay,Jetstar,2019,3,291,287,91,95
Brisbane-Mackay,Brisbane,Mackay,QantasLink,2019,36,1350,1368,248,230
Brisbane-Mackay,Brisbane,Mackay,Virgin Australia,2019,2,1457,1431,243,269
Brisbane-Melbourne,Brisbane,Melbourne,Jetstar,2019,39,1129,1236,529,422
Brisbane-Melbourne,Brisbane,Melbourne,Qantas,2019,47,3902,3646,936,1192
Brisbane-Melbourne,Brisbane,Melbourne,QantasLink,2019,0,26,25,3,4
Brisbane-Melbourne,Brisbane,Melbourne,Tigerair Australia,2019,57,868,832,423,459
Brisbane-Melbourne,Brisbane,Melbourne,Virgin Australia,2019,149,3648,3270,753,1131
Brisbane-Mount Isa,Brisbane,Mount Isa,Qantas,2019,0,79,85,13,7
Brisbane-Mount Isa,Brisbane,Mount Isa,QantasLink,2019,3,443,414,64,93
Brisbane-Mount Isa,Brisbane,Mount Isa,Virgin Australia,2019,0,194,191,16,19
Brisbane-Newcastle,Brisbane,Newcastle,Jetstar,2019,10,696,714,205,187
Brisbane-Newcastle,Brisbane,Newcastle,QantasLink,2019,24,879,874,151,156
Brisbane-Newcastle,Brisbane,Newcastle,Virgin Australia,2019,5,883,848,113,148
Brisbane-Perth,Brisbane,Perth,Qantas,2019,7,1444,1503,325,266
Brisbane-Perth,Brisbane,Perth,Virgin Australia,2019,1,944,1022,350,272
Brisbane-Proserpine,Brisbane,Proserpine,Jetstar,2019,4,350,355,50,45
Brisbane-Proserpine,Brisbane,Proserpine,Virgin Australia,2019,7,437,404,58,91
Brisbane-Rockhampton,Brisbane,Rockhampton,QantasLink,2019,16,1794,1784,321,331
Brisbane-Rockhampton,Brisbane,Rockhampton,Virgin Australia,2019,1,1374,1324,273,323
Brisbane-Sydney,Brisbane,Sydney,Jetstar,2019,121,1406,1409,551,548
Brisbane-Sydney,Brisbane,Sydney,Qantas,2019,221,5894,5594,1090,1390
Brisbane-Sydney,Brisbane,Sydney,QantasLink,2019,4,68,63,26,31
Brisbane-Sydney,Brisbane,Sydney,Tigerair Australia,2019,65,1006,951,450,505
Brisbane-Sydney,Brisbane,Sydney,Virgin Australia,2019,200,5029,4724,1056,1361
Brisbane-Townsville,Brisbane,Townsville,Jetstar,2019,4,589,580,70,79
Brisbane-Townsville,Brisbane,Townsville,Qantas,2019,4,476,472,65,69
Brisbane-Townsville,Brisbane,Townsville,QantasLink,2019,31,985,937,270,318
Brisbane-Townsville,Brisbane,Townsville,Virgin Australia,2019,16,1413,1430,290,273
Broome-Perth,Broome,Perth,Qantas,2019,1,24,33,22,13
Broome-Perth,Broome,Perth,QantasLink,2019,12,824,850,192,166
Broome-Perth,Broome,Perth,Virgin Australia,2019,0,20,24,7,3
Broome-Perth,Broome,Perth,Virgin Australia Regional Airlines,2019,3,574,607,179,146
Bundaberg-Brisbane,Bundaberg,Brisbane,QantasLink,2019,13,1266,1257,154,163
Bundaberg-Brisbane,Bundaberg,Brisbane,Virgin Australia,2019,0,341,334,24,31
Cairns-Brisbane,Cairns,Brisbane,Jetstar,2019,24,931,990,196,137
Cairns-Brisbane,Cairns,Brisbane,Qantas,2019,0,341,354,46,33
Cairns-Brisbane,Cairns,Brisbane,QantasLink,2019,43,1197,1173,256,280
Cairns-Brisbane,Cairns,Brisbane,Tigerair Australia,2019,1,241,271,122,92
Cairns-Brisbane,Cairns,Brisbane,Virgin Australia,2019,4,1332,1395,223,160
Cairns-Melbourne,Cairns,Melbourne,Jetstar,2019,29,904,925,281,260
Cairns-Melbourne,Cairns,Melbourne,Qantas,2019,1,274,296,160,138
Cairns-Melbourne,Cairns,Melbourne,Tigerair Australia,2019,5,316,332,150,134
Cairns-Melbourne,Cairns,Melbourne,Virgin Australia,2019,2,298,274,115,139
Cairns-Sydney,Cairns,Sydney,Jetstar,2019,30,906,904,184,186
Cairns-Sydney,Cairns,Sydney,Qantas,2019,2,527,544,213,196
Cairns-Sydney,Cairns,Sydney,Tigerair Australia,2019,6,304,329,92,67
Cairns-Sydney,Cairns,Sydney,Virgin Australia,2019,2,838,869,224,193
Cairns-Townsville,Cairns,Townsville,QantasLink,2019,20,1466,1464,121,123
Cairns-Townsville,Cairns,Townsville,Regional Express,2019,0,129,127,17,19
Canberra-Adelaide,Canberra,Adelaide,Qantas,2019,0,448,461,74,61
Canberra-Adelaide,Canberra,Adelaide,QantasLink,2019,0,29,32,22,19
Canberra-Adelaide,Canberra,Adelaide,Virgin Australia,2019,0,268,262,42,48
Canberra-Brisbane,Canberra,Brisbane,Qantas,2019,0,37,38,5,4
Canberra-Brisbane,Canberra,Brisbane,QantasLink,2019,35,1443,1424,292,311
Canberra-Brisbane,Canberra,Brisbane,Tigerair Australia,2019,1,209,215,82,76
Canberra-Brisbane,Canberra,Brisbane,Virgin Australia,2019,3,1018,1009,141,150
Canberra-Melbourne,Canberra,Melbourne,Qantas,2019,52,2332,2256,407,483
Canberra-Melbourne,Canberra,Melbourne,QantasLink,2019,13,376,353,110,133
Canberra-Melbourne,Canberra,Melbourne,Tigerair Australia,2019,11,291,287,143,147
Canberra-Melbourne,Canberra,Melbourne,Virgin Australia,2019,35,1548,1412,315,451
Canberra-Sydney,Canberra,Sydney,Qantas,2019,0,15,12,3,6
Canberra-Sydney,Canberra,Sydney,QantasLink,2019,191,4227,4062,1039,1204
Canberra-Sydney,Canberra,Sydney,Virgin Australia,2019,92,2331,2258,442,515
Coffs Harbour-Sydney,Coffs Harbour,Sydney,QantasLink,2019,31,1258,1221,327,364
Coffs Harbour-Sydney,Coffs Harbour,Sydney,Tigerair Australia,2019,7,222,214,53,61
Coffs Harbour-Sydney,Coffs Harbour,Sydney,Virgin Australia,2019,3,281,275,81,87
Darwin-Alice Springs,Darwin,Alice Springs,Qantas,2019,9,383,377,22,28
Darwin-Alice Springs,Darwin,Alice Springs,QantasLink,2019,8,174,160,33,47
Darwin-Alice Springs,Darwin,Alice Springs,Virgin Australia,2019,1,142,137,5,10
Darwin-Alice Springs,Darwin,Alice Springs,Virgin Australia Regional Airlines,2019,4,74,69,26,31
Darwin-Brisbane,Darwin,Brisbane,Jetstar,2019,6,232,246,34,20
Darwin-Brisbane,Darwin,Brisbane,Qantas,2019,0,326,369,114,71
Darwin-Brisbane,Darwin,Brisbane,Tigerair Australia,2019,5,135,152,52,35
Darwin-Brisbane,Darwin,Brisbane,Virgin Australia,2019,0,279,278,92,93
Darwin-Melbourne,Darwin,Melbourne,Jetstar,2019,5,178,207,109,80
Darwin-Melbourne,Darwin,Melbourne,Qantas,2019,1,253,280,119,92
Darwin-Melbourne,Darwin,Melbourne,Virgin Australia,2019,1,312,313,63,62
Darwin-Perth,Darwin,Perth,Qantas,2019,1,328,325,36,39
Darwin-Perth,Darwin,Perth,Virgin Australia,2019,0,204,203,53,54
Darwin-Perth,Darwin,Perth,Virgin Australia Regional Airlines,2019,1,71,79,37,29
Darwin-Sydney,Darwin,Sydney,Jetstar,2019,4,206,205,52,53
Darwin-Sydney,Darwin,Sydney,Qantas,2019,2,322,343,218,197
Darwin-Sydney,Darwin,Sydney,Virgin Australia,2019,1,199,195,142,146
Dubbo-Sydney,Dubbo,Sydney,QantasLink,2019,23,1053,1033,303,323
Dubbo-Sydney,Dubbo,Sydney,Regional Express,2019,16,1153,1031,286,408
Emerald-Brisbane,Emerald,Brisbane,QantasLink,2019,16,1159,1174,254,239
Emerald-Brisbane,Emerald,Brisbane,Virgin Australia,2019,0,566,581,42,27
Geraldton-Perth,Geraldton,Perth,QantasLink,2019,1,305,304,34,35
Geraldton-Perth,Geraldton,Perth,Virgin Australia Regional Airlines,2019,4,168,171,45,42
Gladstone-Brisbane,Gladstone,Brisbane,QantasLink,2019,18,1339,1366,279,252
Gladstone-Brisbane,Gladstone,Brisbane,Virgin Australia,2019,1,785,764,62,83
Gold Coast-Adelaide,Gold Coast,Adelaide,Jetstar,2019,3,301,292,39,48
Gold Coast-Adelaide,Gold Coast,Adelaide,Virgin Australia,2019,0,302,308,77,71
Gold Coast-Melbourne,Gold Coast,Melbourne,Jetstar,2019,35,1588,1698,682,572
Gold Coast-Melbourne,Gold Coast,Melbourne,Qantas,2019,0,209,235,193,167
Gold Coast-Melbourne,Gold Coast,Melbourne,Tigerair Australia,2019,15,559,589,406,376
Gold Coast-Melbourne,Gold Coast,Melbourne,Virgin Australia,2019,11,1542,1663,733,612
Gold Coast-Sydney,Gold Coast,Sydney,Jetstar,2019,126,2535,2610,853,778
Gold Coast-Sydney,Gold Coast,Sydney,Qantas,2019,14,620,640,280,260
Gold Coast-Sydney,Gold Coast,Sydney,QantasLink,2019,15,459,426,135,168
Gold Coast-Sydney,Gold Coast,Sydney,Tigerair Australia,2019,39,662,678,392,376
Gold Coast-Sydney,Gold Coast,Sydney,Virgin Australia,2019,52,2163,2219,835,779
Hamilton Island-Brisbane,Hamilton Island,Brisbane,QantasLink,2019,12,248,241,101,108
Hamilton Island-Brisbane,Hamilton Island,Brisbane,Virgin Australia,2019,5,306,316,54,44
Hamilton Island-Sydney,Hamilton Island,Sydney,Jetstar,2019,5,176,187,83,72
Hamilton Island-Sydney,Hamilton Island,Sydney,Qantas,2019,0,99,98,15,16
Hamilton Island-Sydney,Hamilton Island,Sydney,QantasLink,2019,7,165,167,52,50
Hamilton Island-Sydney,Hamilton Island,Sydney,Virgin Australia,2019,2,224,233,79,70
Hobart-Brisbane,Hobart,Brisbane,Jetstar,2019,3,295,299,38,34
Hobart-Brisbane,Hobart,Brisbane,Qantas,2019,0,2,2,0,0
Hobart-Brisbane,Hobart,Brisbane,Virgin Australia,2019,0,368,341,114,141
Hobart-Melbourne,Hobart,Melbourne,Jetstar,2019,40,1232,1217,832,847
Hobart-Melbourne,Hobart,Melbourne,Qantas,2019,10,1000,902,352,450
Hobart-Melbourne,Hobart,Melbourne,Tigerair Australia,2019,5,314,292,194,216
Hobart-Melbourne,Hobart,Melbourne,Virgin Australia,2019,7,1316,1144,396,568
Hobart-Sydney,Hobart,Sydney,Jetstar,2019,19,705,671,321,355
Hobart-Sydney,Hobart,Sydney,Qantas,2019,0,23,23,10,10
Hobart-Sydney,Hobart,Sydney,QantasLink,2019,14,622,575,192,239
Hobart-Sydney,Hobart,Sydney,Virgin Australia,2019,10,688,644,186,230
Kalgoorlie-Perth,Kalgoorlie,Perth,Qantas,2019,1,90,92,7,5
Kalgoorlie-Perth,Kalgoorlie,Perth,QantasLink,2019,11,788,793,98,93
Kalgoorlie-Perth,Kalgoorlie,Perth,Virgin Australia,2019,9,312,316,34,30
Kalgoorlie-Perth,Kalgoorlie,Perth,Virgin Australia Regional Airlines,2019,21,475,476,81,80
Karratha-Perth,Karratha,Perth,Qantas,2019,21,379,391,39,27
Karratha-Perth,Karratha,Perth,QantasLink,2019,63,1526,1507,182,201
Karratha-Perth,Karratha,Perth,Virgin Australia,2019,0,14,17,11,8
Karratha-Perth,Karratha,Perth,Virgin Australia Regional Airlines,2019,12,618,594,146,170
Launceston-Melbourne,Launceston,Melbourne,Jetstar,2019,15,1026,1022,504,508
Launceston-Melbourne,Launceston,Melbourne,QantasLink,2019,39,1142,1124,224,242
Launceston-Melbourne,Launceston,Melbourne,Virgin Australia,2019,3,1034,933,173,274
Launceston-Sydney,Launceston,Sydney,Jetstar,2019,12,358,363,224,219
Launceston-Sydney,Launceston,Sydney,Virgin Australia,2019,2,300,306,73,67
Mackay-Brisbane,Mackay,Brisbane,Jetstar,2019,8,235,285,145,95
Mackay-Brisbane,Mackay,Brisbane,QantasLink,2019,41,1339,1332,197,204
Mackay-Brisbane,Mackay,Brisbane,Virgin Australia,2019,3,1507,1535,193,165
Melbourne-Adelaide,Melbourne,Adelaide,Jetstar,2019,56,856,828,361,389
Melbourne-Adelaide,Melbourne,Adelaide,Qantas,2019,37,2799,2695,579,683
Melbourne-Adelaide,Melbourne,Adelaide,Tigerair Australia,2019,21,637,589,251,299
Melbourne-Adelaide,Melbourne,Adelaide,Virgin Australia,2019,51,2582,2444,524,662
Melbourne-Adelaide,Melbourne,Adelaide,Virgin Australia Regional Airlines,2019,2,75,75,39,39
Melbourne-Brisbane,Melbourne,Brisbane,Jetstar,2019,37,1089,1140,570,519
Melbourne-Brisbane,Melbourne,Brisbane,Qantas,2019,40,3817,3772,1030,1075
Melbourne-Brisbane,Melbourne,Brisbane,QantasLink,2019,0,26,20,3,9
Melbourne-Brisbane,Melbourne,Brisbane,Tigerair Australia,2019,56,980,949,313,344
Melbourne-Brisbane,Melbourne,Brisbane,Virgin Australia,2019,142,3734,3613,673,794
Melbourne-Cairns,Melbourne,Cairns,Jetstar,2019,26,878,874,309,313
Melbourne-Cairns,Melbourne,Cairns,Qantas,2019,0,348,344,86,90
Melbourne-Cairns,Melbourne,Cairns,Tigerair Australia,2019,3,394,362,74,106
Melbourne-Cairns,Melbourne,Cairns,Virgin Australia,2019,3,376,338,38,76
Melbourne-Canberra,Melbourne,Canberra,Qantas,2019,44,2260,2250,491,501
Melbourne-Canberra,Melbourne,Canberra,QantasLink,2019,17,383,385,101,99
Melbourne-Canberra,Melbourne,Canberra,Tigerair Australia,2019,11,304,307,130,127
Melbourne-Canberra,Melbourne,Canberra,Virgin Australia,2019,37,1527,1481,336,382
Melbourne-Darwin,Melbourne,Darwin,Jetstar,2019,3,191,181,97,107
Melbourne-Darwin,Melbourne,Darwin,Qantas,2019,0,313,299,59,73
Melbourne-Darwin,Melbourne,Darwin,Virgin Australia,2019,0,256,248,120,128
Melbourne-Gold Coast,Melbourne,Gold Coast,Jetstar,2019,30,1646,1626,626,646
Melbourne-Gold Coast,Melbourne,Gold Coast,Qantas,2019,0,326,314,77,89
Melbourne-Gold Coast,Melbourne,Gold Coast,Tigerair Australia,2019,15,704,653,261,312
Melbourne-Gold Coast,Melbourne,Gold Coast,Virgin Australia,2019,9,1889,1826,389,452
Melbourne-Hobart,Melbourne,Hobart,Jetstar,2019,34,1487,1468,583,602
Melbourne-Hobart,Melbourne,Hobart,Qantas,2019,0,1053,1011,310,352
Melbourne-Hobart,Melbourne,Hobart,QantasLink,2019,0,1,0,0,1
Melbourne-Hobart,Melbourne,Hobart,Tigerair Australia,2019,4,421,390,88,119
Melbourne-Hobart,Melbourne,Hobart,Virgin Australia,2019,5,1381,1277,331,435
Melbourne-Launceston,Melbourne,Launceston,Jetstar,2019,13,1103,1102,429,430
Melbourne-Launceston,Melbourne,Launceston,QantasLink,2019,30,1123,1137,250,236
Melbourne-Launceston,Melbourne,Launceston,Virgin Australia,2019,2,990,926,217,281
Melbourne-Mildura,Melbourne,Mildura,QantasLink,2019,27,912,902,182,192
Melbourne-Mildura,Melbourne,Mildura,Regional Express,2019,2,772,741,162,193
Melbourne-Mildura,Melbourne,Mildura,Virgin Australia,2019,0,331,300,34,65
Melbourne-Newcastle,Melbourne,Newcastle,Jetstar,2019,13,755,817,452,390
Melbourne-Newcastle,Melbourne,Newcastle,Virgin Australia,2019,0,317,297,67,87
Melbourne-Perth,Melbourne,Perth,Jetstar,2019,18,490,510,85,65
Melbourne-Perth,Melbourne,Perth,Qantas,2019,14,1675,1725,725,675
Melbourne-Perth,Melbourne,Perth,Tigerair Australia,2019,12,450,436,175,189
Melbourne-Perth,Melbourne,Perth,Virgin Australia,2019,6,1230,1305,498,423
Melbourne-Sunshine Coast,Melbourne,Sunshine Coast,Jetstar,2019,6,776,783,186,179
Melbourne-Sunshine Coast,Melbourne,Sunshine Coast,Virgin Australia,2019,0,682,688,140,134
Melbourne-Sydney,Melbourne,Sydney,Jetstar,2019,257,3128,2947,1426,1607
Melbourne-Sydney,Melbourne,Sydney,Qantas,2019,1029,9176,8348,2410,3238
Melbourne-Sydney,Melbourne,Sydney,Tigerair Australia,2019,229,1838,1709,928,1057
Melbourne-Sydney,Melbourne,Sydney,Virgin Australia,2019,480,6919,6223,1397,2093
Mildura-Melbourne,Mildura,Melbourne,QantasLink,2019,31,865,822,225,268
Mildura-Melbourne,Mildura,Melbourne,Regional Express,2019,5,735,666,197,266
Mildura-Melbourne,Mildura,Melbourne,Virgin Australia,2019,0,315,289,50,76
Mount Isa-Brisbane,Mount Isa,Brisbane,Qantas,2019,0,71,83,20,8
Mount Isa-Brisbane,Mount Isa,Brisbane,QantasLink,2019,8,427,438,77,66
Mount Isa-Brisbane,Mount Isa,Brisbane,Virgin Australia,2019,1,155,140,16,31
Newcastle-Brisbane,Newcastle,Brisbane,Jetstar,2019,11,761,742,138,157
Newcastle-Brisbane,Newcastle,Brisbane,QantasLink,2019,25,874,899,154,129
Newcastle-Brisbane,Newcastle,Brisbane,Virgin Australia,2019,5,882,875,114,121
Newcastle-Melbourne,Newcastle,Melbourne,Jetstar,2019,11,896,870,310,336
Newcastle-Melbourne,Newcastle,Melbourne,Virgin Australia,2019,0,290,252,94,132
Newman-Perth,Newman,Perth,Qantas,2019,11,330,331,19,18
Newman-Perth,Newman,Perth,QantasLink,2019,40,1125,1102,140,163
Newman-Perth,Newman,Perth,Virgin Australia,2019,0,157,157,22,22
Newman-Perth,Newman,Perth,Virgin Australia Regional Airlines,2019,2,248,246,44,46
Perth-Adelaide,Perth,Adelaide,Jetstar,2019,12,229,235,69,63
Perth-Adelaide,Perth,Adelaide,Qantas,2019,2,1211,1197,170,184
Perth-Adelaide,Perth,Adelaide,QantasLink,2019,0,1,1,2,2
Perth-Adelaide,Perth,Adelaide,Virgin Australia,2019,0,390,384,45,51
Perth-Adelaide,Perth,Adelaide,Virgin Australia Regional Airlines,2019,1,448,314,64,198
Perth-Brisbane,Perth,Brisbane,Qantas,2019,4,1474,1408,279,345
Perth-Brisbane,Perth,Brisbane,Virgin Australia,2019,1,1102,1058,198,242
Perth-Broome,Perth,Broome,Qantas,2019,1,38,35,8,11
Perth-Broome,Perth,Broome,QantasLink,2019,5,886,870,136,152
Perth-Broome,Perth,Broome,Virgin Australia,2019,0,23,24,4,3
Perth-Broome,Perth,Broome,Virgin Australia Regional Airlines,2019,0,611,581,144,174
Perth-Darwin,Perth,Darwin,Qantas,2019,0,332,327,31,36
Perth-Darwin,Perth,Darwin,Virgin Australia,2019,0,225,223,32,34
Perth-Darwin,Perth,Darwin,Virgin Australia Regional Airlines,2019,0,97,96,11,12
Perth-Geraldton,Perth,Geraldton,QantasLink,2019,0,299,302,41,38
Perth-Geraldton,Perth,Geraldton,Virgin Australia Regional Airlines,2019,3,171,174,43,40
Perth-Kalgoorlie,Perth,Kalgoorlie,Qantas,2019,1,91,89,6,8
Perth-Kalgoorlie,Perth,Kalgoorlie,QantasLink,2019,11,801,779,87,109
Perth-Kalgoorlie,Perth,Kalgoorlie,Virgin Australia,2019,5,333,326,17,24
Perth-Kalgoorlie,Perth,Kalgoorlie,Virgin Australia Regional Airlines,2019,10,514,486,51,79
Perth-Karratha,Perth,Karratha,Qantas,2019,19,392,393,28,27
Perth-Karratha,Perth,Karratha,QantasLink,2019,42,1561,1515,175,221
Perth-Karratha,Perth,Karratha,Virgin Australia,2019,0,21,19,4,6
Perth-Karratha,Perth,Karratha,Virgin Australia Regional Airlines,2019,11,691,617,74,148
Perth-Melbourne,Perth,Melbourne,Jetstar,2019,27,426,464,140,102
Perth-Melbourne,Perth,Melbourne,Qantas,2019,22,1866,1811,534,589
Perth-Melbourne,Perth,Melbourne,Tigerair Australia,2019,14,387,425,238,200
Perth-Melbourne,Perth,Melbourne,Virgin Australia,2019,5,1438,1351,280,367
Perth-Newman,Perth,Newman,Qantas,2019,9,338,334,14,18
Perth-Newman,Perth,Newman,QantasLink,2019,24,1159,1141,123,141
Perth-Newman,Perth,Newman,Virgin Australia,2019,0,173,167,7,13
Perth-Newman,Perth,Newman,Virgin Australia Regional Airlines,2019,1,270,262,23,31
Perth-Port Hedland,Perth,Port Hedland,Qantas,2019,12,366,366,28,28
Perth-Port Hedland,Perth,Port Hedland,QantasLink,2019,33,1147,1075,141,213
Perth-Port Hedland,Perth,Port Hedland,Virgin Australia,2019,0,202,201,10,11
Perth-Port Hedland,Perth,Port Hedland,Virgin Australia Regional Airlines,2019,4,362,350,48,60
Perth-Sydney,Perth,Sydney,Jetstar,2019,6,214,240,88,62
Perth-Sydney,Perth,Sydney,Qantas,2019,25,1848,1803,584,629
Perth-Sydney,Perth,Sydney,Tigerair Australia,2019,11,190,222,126,94
Perth-Sydney,Perth,Sydney,Virgin Australia,2019,1,1257,1248,184,193
Port Hedland-Perth,Port Hedland,Perth,Qantas,2019,15,355,364,36,27
Port Hedland-Perth,Port Hedland,Perth,QantasLink,2019,45,1117,1075,156,198
Port Hedland-Perth,Port Hedland,Perth,Virgin Australia,2019,0,174,178,38,34
Port Hedland-Perth,Port Hedland,Perth,Virgin Australia Regional Airlines,2019,5,317,321,93,89
Port Lincoln-Adelaide,Port Lincoln,Adelaide,QantasLink,2019,20,1056,1067,147,136
Port Lincoln-Adelaide,Port Lincoln,Adelaide,Regional Express,2019,20,2308,2270,192,230
Port Macquarie-Sydney,Port Macquarie,Sydney,QantasLink,2019,34,1045,1011,284,318
Port Macquarie-Sydney,Port Macquarie,Sydney,Virgin Australia,2019,15,438,429,219,228
Proserpine-Brisbane,Proserpine,Brisbane,Jetstar,2019,5,327,332,72,67
Proserpine-Brisbane,Proserpine,Brisbane,Virgin Australia,2019,9,378,408,115,85
Proserpine-Sydney,Proserpine,Sydney,Jetstar,2019,3,114,123,43,34
Proserpine-Sydney,Proserpine,Sydney,Tigerair Australia,2019,5,162,158,62,66
Rockhampton-Brisbane,Rockhampton,Brisbane,QantasLink,2019,19,1810,1773,356,393
Rockhampton-Brisbane,Rockhampton,Brisbane,Virgin Australia,2019,2,1409,1444,237,202
Sunshine Coast-Melbourne,Sunshine Coast,Melbourne,Jetstar,2019,8,664,650,297,311
Sunshine Coast-Melbourne,Sunshine Coast,Melbourne,Virgin Australia,2019,2,502,485,318,335
Sunshine Coast-Sydney,Sunshine Coast,Sydney,Jetstar,2019,39,748,756,460,452
Sunshine Coast-Sydney,Sunshine Coast,Sydney,QantasLink,2019,8,420,429,186,177
Sunshine Coast-Sydney,Sunshine Coast,Sydney,Virgin Australia,2019,4,454,407,194,241
Sydney-Adelaide,Sydney,Adelaide,Jetstar,2019,50,915,943,351,323
Sydney-Adelaide,Sydney,Adelaide,Qantas,2019,22,2089,2097,664,656
Sydney-Adelaide,Sydney,Adelaide,QantasLink,2019,5,87,85,14,16
Sydney-Adelaide,Sydney,Adelaide,Tigerair Australia,2019,6,224,229,127,122
Sydney-Adelaide,Sydney,Adelaide,Virgin Australia,2019,16,1562,1549,383,396
Sydney-Albury,Sydney,Albury,QantasLink,2019,16,851,877,335,309
Sydney-Albury,Sydney,Albury,Regional Express,2019,14,930,920,201,211
Sydney-Albury,Sydney,Albury,Virgin Australia,2019,3,493,495,178,176
Sydney-Armidale,Sydney,Armidale,QantasLink,2019,19,962,972,409,399
Sydney-Armidale,Sydney,Armidale,Regional Express,2019,9,637,640,154,151
Sydney-Ayers Rock,Sydney,Ayers Rock,Jetstar,2019,0,275,259,68,84
Sydney-Ayers Rock,Sydney,Ayers Rock,Virgin Australia,2019,0,307,302,58,63
Sydney-Ballina,Sydney,Ballina,Jetstar,2019,11,755,741,213,227
Sydney-Ballina,Sydney,Ballina,Regional Express,2019,1,209,206,55,58
Sydney-Ballina,Sydney,Ballina,Virgin Australia,2019,4,355,338,66,83
Sydney-Brisbane,Sydney,Brisbane,Jetstar,2019,117,1351,1436,609,524
Sydney-Brisbane,Sydney,Brisbane,Qantas,2019,197,5559,5441,1444,1562
Sydney-Brisbane,Sydney,Brisbane,QantasLink,2019,2,69,64,28,33
Sydney-Brisbane,Sydney,Brisbane,Tigerair Australia,2019,67,1038,1023,416,431
Sydney-Brisbane,Sydney,Brisbane,Virgin Australia,2019,217,4642,4560,1387,1469
Sydney-Cairns,Sydney,Cairns,Jetstar,2019,27,865,924,226,167
Sydney-Cairns,Sydney,Cairns,Qantas,2019,0,549,556,189,182
Sydney-Cairns,Sydney,Cairns,Tigerair Australia,2019,3,341,331,57,67
Sydney-Cairns,Sydney,Cairns,Virgin Australia,2019,0,760,770,303,293
Sydney-Canberra,Sydney,Canberra,Qantas,2019,0,16,15,2,3
Sydney-Canberra,Sydney,Canberra,QantasLink,2019,150,4165,4053,1139,1251
Sydney-Canberra,Sydney,Canberra,Virgin Australia,2019,83,2187,2223,594,558
Sydney-Coffs Harbour,Sydney,Coffs Harbour,QantasLink,2019,29,1199,1281,391,309
Sydney-Coffs Harbour,Sydney,Coffs Harbour,Tigerair Australia,2019,6,200,186,76,90
Sydney-Coffs Harbour,Sydney,Coffs Harbour,Virgin Australia,2019,3,306,309,56,53
Sydney-Darwin,Sydney,Darwin,Jetstar,2019,2,198,200,62,60
Sydney-Darwin,Sydney,Darwin,Qantas,2019,0,312,371,232,173
Sydney-Darwin,Sydney,Darwin,Virgin Australia,2019,1,265,247,77,95
Sydney-Dubbo,Sydney,Dubbo,QantasLink,2019,20,1024,1024,336,336
Sydney-Dubbo,Sydney,Dubbo,Regional Express,2019,8,1191,1210,298,279
Sydney-Gold Coast,Sydney,Gold Coast,Jetstar,2019,117,2616,2679,775,712
Sydney-Gold Coast,Sydney,Gold Coast,Qantas,2019,15,643,683,259,219
Sydney-Gold Coast,Sydney,Gold Coast,QantasLink,2019,14,426,431,170,165
Sydney-Gold Coast,Sydney,Gold Coast,Tigerair Australia,2019,33,779,741,279,317
Sydney-Gold Coast,Sydney,Gold Coast,Virgin Australia,2019,46,2294,2205,714,803
Sydney-Hamilton Island,Sydney,Hamilton Island,Jetstar,2019,1,197,208,64,53
Sydney-Hamilton Island,Sydney,Hamilton Island,Qantas,2019,1,94,94,19,19
Sydney-Hamilton Island,Sydney,Hamilton Island,QantasLink,2019,5,171,158,46,59
Sydney-Hamilton Island,Sydney,Hamilton Island,Virgin Australia,2019,2,256,248,47,55
Sydney-Hobart,Sydney,Hobart,Jetstar,2019,14,780,813,249,216
Sydney-Hobart,Sydney,Hobart,Qantas,2019,0,25,25,8,8
Sydney-Hobart,Sydney,Hobart,QantasLink,2019,10,560,569,260,251
Sydney-Hobart,Sydney,Hobart,Virgin Australia,2019,7,729,717,148,160
Sydney-Launceston,Sydney,Launceston,Jetstar,2019,5,440,459,141,122
Sydney-Launceston,Sydney,Launceston,Virgin Australia,2019,2,292,300,82,74
Sydney-Melbourne,Sydney,Melbourne,Jetstar,2019,270,3074,3105,1469,1438
Sydney-Melbourne,Sydney,Melbourne,Qantas,2019,1011,8861,8112,2748,3497
Sydney-Melbourne,Sydney,Melbourne,Tigerair Australia,2019,227,1733,1639,1033,1127
Sydney-Melbourne,Sydney,Melbourne,Virgin Australia,2019,472,6560,6023,1765,2302
Sydney-Perth,Sydney,Perth,Jetstar,2019,3,165,229,140,76
Sydney-Perth,Sydney,Perth,Qantas,2019,23,1576,1790,857,643
Sydney-Perth,Sydney,Perth,Tigerair Australia,2019,9,195,225,125,95
Sydney-Perth,Sydney,Perth,Virgin Australia,2019,2,911,1033,534,412
Sydney-Port Macquarie,Sydney,Port Macquarie,QantasLink,2019,33,1008,1021,322,309
Sydney-Port Macquarie,Sydney,Port Macquarie,Virgin Australia,2019,15,501,505,156,152
Sydney-Proserpine,Sydney,Proserpine,Jetstar,2019,1,131,133,25,23
Sydney-Proserpine,Sydney,Proserpine,Tigerair Australia,2019,4,173,182,52,43
Sydney-Sunshine Coast,Sydney,Sunshine Coast,Jetstar,2019,31,832,885,382,329
Sydney-Sunshine Coast,Sydney,Sunshine Coast,QantasLink,2019,7,426,405,180,201
Sydney-Sunshine Coast,Sydney,Sunshine Coast,Virgin Australia,2019,5,451,456,197,192
Sydney-Tamworth,Sydney,Tamworth,QantasLink,2019,21,1106,1144,393,355
Sydney-Tamworth,Sydney,Tamworth,Virgin Australia,2019,6,476,462,135,149
Sydney-Townsville,Sydney,Townsville,Jetstar,2019,1,193,206,113,100
Sydney-Townsville,Sydney,Townsville,Virgin Australia,2019,3,235,218,66,83
Sydney-Wagga Wagga,Sydney,Wagga Wagga,QantasLink,2019,5,982,992,260,250
Sydney-Wagga Wagga,Sydney,Wagga Wagga,Regional Express,2019,18,1232,1215,200,217
Tamworth-Sydney,Tamworth,Sydney,QantasLink,2019,26,1151,1108,326,369
Tamworth-Sydney,Tamworth,Sydney,Virgin Australia,2019,6,529,501,82,110
Townsville-Brisbane,Townsville,Brisbane,Jetstar,2019,7,526,547,132,111
Townsville-Brisbane,Townsville,Brisbane,Qantas,2019,4,459,491,83,51
Townsville-Brisbane,Townsville,Brisbane,QantasLink,2019,34,1019,1002,231,248
Townsville-Brisbane,Townsville,Brisbane,Virgin Australia,2019,16,1522,1569,182,135
Townsville-Cairns,Townsville,Cairns,QantasLink,2019,20,1414,1433,173,154
Townsville-Cairns,Townsville,Cairns,Regional Express,2019,1,124,125,21,20
Townsville-Sydney,Townsville,Sydney,Jetstar,2019,1,162,202,144,104
Townsville-Sydney,Townsville,Sydney,Virgin Australia,2019,3,202,207,99,94
Wagga Wagga-Sydney,Wagga Wagga,Sydney,QantasLink,2019,6,983,969,258,272
Wagga Wagga-Sydney,Wagga Wagga,Sydney,Regional Express,2019,22,1215,1089,203,329
Adelaide-Alice Springs,Adelaide,Alice Springs,Qantas,2020,4,264,253,40,51
Adelaide-Alice Springs,Adelaide,Alice Springs,QantasLink,2020,0,40,35,24,29
Adelaide-Alice Springs,Adelaide,Alice Springs,Virgin Australia,2020,0,130,128,23,25
Adelaide-Brisbane,Adelaide,Brisbane,Jetstar,2020,8,246,251,47,42
Adelaide-Brisbane,Adelaide,Brisbane,Qantas,2020,42,764,784,112,92
Adelaide-Brisbane,Adelaide,Brisbane,Virgin Australia,2020,57,631,684,134,81
Adelaide-Canberra,Adelaide,Canberra,Qantas,2020,9,250,252,40,38
Adelaide-Canberra,Adelaide,Canberra,QantasLink,2020,5,29,30,9,8
Adelaide-Canberra,Adelaide,Canberra,Virgin Australia,2020,5,140,143,16,13
Adelaide-Gold Coast,Adelaide,Gold Coast,Jetstar,2020,6,223,222,32,33
Adelaide-Gold Coast,Adelaide,Gold Coast,QantasLink,2020,0,6,6,0,0
Adelaide-Gold Coast,Adelaide,Gold Coast,Virgin Australia,2020,8,235,235,14,14
Adelaide-Melbourne,Adelaide,Melbourne,Jetstar,2020,152,555,573,87,69
Adelaide-Melbourne,Adelaide,Melbourne,Qantas,2020,202,767,787,90,70
Adelaide-Melbourne,Adelaide,Melbourne,Regional Express,2020,37,124,122,19,21
Adelaide-Melbourne,Adelaide,Melbourne,Virgin Australia,2020,193,656,695,127,88
Adelaide-Perth,Adelaide,Perth,Jetstar,2020,9,129,130,12,11
Adelaide-Perth,Adelaide,Perth,Qantas,2020,26,469,486,88,71
Adelaide-Perth,Adelaide,Perth,Virgin Australia,2020,6,266,269,42,39
Adelaide-Perth,Adelaide,Perth,Virgin Australia Regional Airlines,2020,0,10,12,2,0
Adelaide-Port Lincoln,Adelaide,Port Lincoln,QantasLink,2020,22,738,745,105,98
Adelaide-Port Lincoln,Adelaide,Port Lincoln,Regional Express,2020,8,1173,1142,152,183
Adelaide-Sydney,Adelaide,Sydney,Jetstar,2020,102,645,663,98,80
Adelaide-Sydney,Adelaide,Sydney,Qantas,2020,103,989,946,119,162
Adelaide-Sydney,Adelaide,Sydney,Virgin Australia,2020,68,585,591,90,84
Albury-Sydney,Albury,Sydney,QantasLink,2020,17,602,623,111,90
Albury-Sydney,Albury,Sydney,Regional Express,2020,7,374,369,25,30
Alice Springs-Adelaide,Alice Springs,Adelaide,Qantas,2020,3,200,214,102,88
Alice Springs-Adelaide,Alice Springs,Adelaide,QantasLink,2020,1,28,33,35,30
Alice Springs-Adelaide,Alice Springs,Adelaide,Virgin Australia,2020,0,132,141,21,12
Armidale-Sydney,Armidale,Sydney,QantasLink,2020,23,420,429,88,79
Armidale-Sydney,Armidale,Sydney,Regional Express,2020,2,181,180,42,43
Ballina-Sydney,Ballina,Sydney,Jetstar,2020,15,798,824,156,130
Ballina-Sydney,Ballina,Sydney,Qantas,2020,5,145,146,21,20
Ballina-Sydney,Ballina,Sydney,QantasLink,2020,32,613,597,157,173
Ballina-Sydney,Ballina,Sydney,Regional Express,2020,1,94,95,12,11
Ballina-Sydney,Ballina,Sydney,Virgin Australia,2020,11,357,380,70,47
Brisbane-Adelaide,Brisbane,Adelaide,Jetstar,2020,8,213,236,80,57
Brisbane-Adelaide,Brisbane,Adelaide,Qantas,2020,42,794,780,82,96
Brisbane-Adelaide,Brisbane,Adelaide,Virgin Australia,2020,57,657,706,109,60
Brisbane-Bundaberg,Brisbane,Bundaberg,QantasLink,2020,0,37,40,3,0
Brisbane-Bundaberg,Brisbane,Bundaberg,Virgin Australia,2020,0,60,58,4,6
Brisbane-Cairns,Brisbane,Cairns,Jetstar,2020,24,898,889,203,212
Brisbane-Cairns,Brisbane,Cairns,Qantas,2020,5,932,889,90,133
Brisbane-Cairns,Brisbane,Cairns,QantasLink,2020,1,453,441,41,53
Brisbane-Cairns,Brisbane,Cairns,Virgin Australia,2020,18,829,833,216,212
Brisbane-Canberra,Brisbane,Canberra,Qantas,2020,4,275,282,17,10
Brisbane-Canberra,Brisbane,Canberra,QantasLink,2020,32,948,974,122,96
Brisbane-Canberra,Brisbane,Canberra,Virgin Australia,2020,20,484,520,102,66
Brisbane-Darwin,Brisbane,Darwin,Jetstar,2020,1,177,160,50,67
Brisbane-Darwin,Brisbane,Darwin,Qantas,2020,7,324,268,34,90
Brisbane-Darwin,Brisbane,Darwin,Virgin Australia,2020,0,261,264,44,41
Brisbane-Emerald,Brisbane,Emerald,QantasLink,2020,21,851,857,63,57
Brisbane-Emerald,Brisbane,Emerald,Virgin Australia,2020,1,155,156,11,10
Brisbane-Gladstone,Brisbane,Gladstone,QantasLink,2020,20,941,933,73,81
Brisbane-Gladstone,Brisbane,Gladstone,Virgin Australia,2020,7,488,467,35,56
Brisbane-Hamilton Island,Brisbane,Hamilton Island,Qantas,2020,2,309,280,17,46
Brisbane-Hamilton Island,Brisbane,Hamilton Island,QantasLink,2020,1,125,126,8,7
Brisbane-Hamilton Island,Brisbane,Hamilton Island,Virgin Australia,2020,5,346,347,39,38
Brisbane-Hobart,Brisbane,Hobart,Jetstar,2020,0,241,247,33,27
Brisbane-Hobart,Brisbane,Hobart,Qantas,2020,0,4,4,0,0
Brisbane-Hobart,Brisbane,Hobart,QantasLink,2020,5,130,132,24,22
Brisbane-Hobart,Brisbane,Hobart,Virgin Australia,2020,7,221,248,57,30
Brisbane-Mackay,Brisbane,Mackay,Jetstar,2020,3,276,282,54,48
Brisbane-Mackay,Brisbane,Mackay,Qantas,2020,15,783,746,66,103
Brisbane-Mackay,Brisbane,Mackay,QantasLink,2020,4,309,308,28,29
Brisbane-Mackay,Brisbane,Mackay,Virgin Australia,2020,7,683,709,140,114
Brisbane-Melbourne,Brisbane,Melbourne,Jetstar,2020,307,630,699,192,123
Brisbane-Melbourne,Brisbane,Melbourne,Qantas,2020,308,1299,1275,142,166
Brisbane-Melbourne,Brisbane,Melbourne,Virgin Australia,2020,285,797,878,288,207
Brisbane-Mount Isa,Brisbane,Mount Isa,Qantas,2020,0,351,340,16,27
Brisbane-Mount Isa,Brisbane,Mount Isa,QantasLink,2020,8,178,176,18,20
Brisbane-Mount Isa,Brisbane,Mount Isa,Virgin Australia,2020,2,141,133,10,18
Brisbane-Newcastle,Brisbane,Newcastle,Jetstar,2020,40,434,434,73,73
Brisbane-Newcastle,Brisbane,Newcastle,QantasLink,2020,27,484,481,63,66
Brisbane-Newcastle,Brisbane,Newcastle,Virgin Australia,2020,20,334,343,44,35
Brisbane-Perth,Brisbane,Perth,Qantas,2020,34,604,541,95,158
Brisbane-Perth,Brisbane,Perth,Virgin Australia,2020,24,323,373,126,76
Brisbane-Proserpine,Brisbane,Proserpine,Jetstar,2020,1,353,331,52,74
Brisbane-Proserpine,Brisbane,Proserpine,Virgin Australia,2020,2,302,296,34,40
Brisbane-Rockhampton,Brisbane,Rockhampton,QantasLink,2020,27,1424,1399,123,148
Brisbane-Rockhampton,Brisbane,Rockhampton,Virgin Australia,2020,12,649,627,139,161
Brisbane-Sydney,Brisbane,Sydney,Jetstar,2020,174,787,853,186,120
Brisbane-Sydney,Brisbane,Sydney,Qantas,2020,278,2428,2455,252,225
Brisbane-Sydney,Brisbane,Sydney,QantasLink,2020,1,1,1,0,0
Brisbane-Sydney,Brisbane,Sydney,Virgin Australia,2020,191,1480,1556,255,179
Brisbane-Townsville,Brisbane,Townsville,Jetstar,2020,1,570,562,86,94
Brisbane-Townsville,Brisbane,Townsville,Qantas,2020,18,902,855,84,131
Brisbane-Townsville,Brisbane,Townsville,QantasLink,2020,5,121,110,7,18
Brisbane-Townsville,Brisbane,Townsville,Virgin Australia,2020,13,686,705,138,119
Broome-Perth,Broome,Perth,Qantas,2020,5,173,179,37,31
Broome-Perth,Broome,Perth,QantasLink,2020,25,708,717,193,184
Broome-Perth,Broome,Perth,Virgin Australia,2020,2,290,331,76,35
Broome-Perth,Broome,Perth,Virgin Australia Regional Airlines,2020,0,18,26,22,14
Bundaberg-Brisbane,Bundaberg,Brisbane,QantasLink,2020,0,39,39,1,1
Bundaberg-Brisbane,Bundaberg,Brisbane,Virgin Australia,2020,0,20,19,3,4
Cairns-Brisbane,Cairns,Brisbane,Jetstar,2020,26,879,904,224,199
Cairns-Brisbane,Cairns,Brisbane,Qantas,2020,6,870,844,151,177
Cairns-Brisbane,Cairns,Brisbane,QantasLink,2020,5,443,416,47,74
Cairns-Brisbane,Cairns,Brisbane,Virgin Australia,2020,19,885,947,158,96
Cairns-Melbourne,Cairns,Melbourne,Jetstar,2020,98,415,433,99,81
Cairns-Melbourne,Cairns,Melbourne,Qantas,2020,19,175,170,25,30
Cairns-Melbourne,Cairns,Melbourne,Virgin Australia,2020,22,175,180,25,20
Cairns-Sydney,Cairns,Sydney,Jetstar,2020,51,353,376,82,59
Cairns-Sydney,Cairns,Sydney,Qantas,2020,30,292,286,38,44
Cairns-Sydney,Cairns,Sydney,Virgin Australia,2020,20,231,237,19,13
Cairns-Townsville,Cairns,Townsville,QantasLink,2020,3,892,895,106,103
Cairns-Townsville,Cairns,Townsville,Regional Express,2020,1,131,130,11,12
Canberra-Adelaide,Canberra,Adelaide,Qantas,2020,9,243,249,48,42
Canberra-Adelaide,Canberra,Adelaide,QantasLink,2020,5,27,30,11,8
Canberra-Adelaide,Canberra,Adelaide,Virgin Australia,2020,4,127,128,29,28
Canberra-Brisbane,Canberra,Brisbane,Qantas,2020,4,273,274,18,17
Canberra-Brisbane,Canberra,Brisbane,QantasLink,2020,35,924,925,138,137
Canberra-Brisbane,Canberra,Brisbane,Virgin Australia,2020,22,460,487,125,98
Canberra-Melbourne,Canberra,Melbourne,Qantas,2020,28,80,79,7,8
Canberra-Melbourne,Canberra,Melbourne,QantasLink,2020,172,850,839,180,191
Canberra-Melbourne,Canberra,Melbourne,Virgin Australia,2020,58,368,378,63,53
Canberra-Sydney,Canberra,Sydney,Qantas,2020,6,30,30,0,0
Canberra-Sydney,Canberra,Sydney,QantasLink,2020,107,568,564,127,131
Canberra-Sydney,Canberra,Sydney,Regional Express,2020,29,343,327,71,87
Coffs Harbour-Sydney,Coffs Harbour,Sydney,QantasLink,2020,21,825,837,103,91
Coffs Harbour-Sydney,Coffs Harbour,Sydney,Regional Express,2020,0,231,220,22,33
Coffs Harbour-Sydney,Coffs Harbour,Sydney,Virgin Australia,2020,0,103,110,16,9
Darwin-Brisbane,Darwin,Brisbane,Jetstar,2020,1,110,105,117,122
Darwin-Brisbane,Darwin,Brisbane,Qantas,2020,8,220,219,130,131
Darwin-Brisbane,Darwin,Brisbane,Virgin Australia,2020,0,206,249,99,56
Darwin-Melbourne,Darwin,Melbourne,Jetstar,2020,9,8,9,7,6
Darwin-Melbourne,Darwin,Melbourne,Qantas,2020,14,27,31,15,11
Darwin-Melbourne,Darwin,Melbourne,Virgin Australia,2020,7,6,9,4,1
Darwin-Perth,Darwin,Perth,Qantas,2020,3,173,161,54,66
Darwin-Perth,Darwin,Perth,Virgin Australia,2020,1,90,96,30,24
Darwin-Perth,Darwin,Perth,Virgin Australia Regional Airlines,2020,0,9,8,12,13
Dubbo-Sydney,Dubbo,Sydney,QantasLink,2020,20,609,623,83,69
Dubbo-Sydney,Dubbo,Sydney,Regional Express,2020,8,562,560,85,87
Emerald-Brisbane,Emerald,Brisbane,QantasLink,2020,24,853,858,58,53
Emerald-Brisbane,Emerald,Brisbane,Virgin Australia,2020,1,154,154,12,12
Gladstone-Brisbane,Gladstone,Brisbane,QantasLink,2020,22,898,916,111,93
Gladstone-Brisbane,Gladstone,Brisbane,Virgin Australia,2020,7,511,489,53,75
Gold Coast-Adelaide,Gold Coast,Adelaide,Jetstar,2020,6,215,223,39,31
Gold Coast-Adelaide,Gold Coast,Adelaide,QantasLink,2020,0,6,6,0,0
Gold Coast-Adelaide,Gold Coast,Adelaide,Virgin Australia,2020,7,225,227,24,22
Gold Coast-Melbourne,Gold Coast,Melbourne,Jetstar,2020,177,874,917,160,117
Gold Coast-Melbourne,Gold Coast,Melbourne,Qantas,2020,23,300,302,41,39
Gold Coast-Melbourne,Gold Coast,Melbourne,QantasLink,2020,0,2,2,5,5
Gold Coast-Melbourne,Gold Coast,Melbourne,Regional Express,2020,27,106,93,50,63
Gold Coast-Melbourne,Gold Coast,Melbourne,Virgin Australia,2020,212,726,815,210,121
Gold Coast-Sydney,Gold Coast,Sydney,Jetstar,2020,168,1047,1072,150,125
Gold Coast-Sydney,Gold Coast,Sydney,Qantas,2020,28,425,435,63,53
Gold Coast-Sydney,Gold Coast,Sydney,Regional Express,2020,11,154,156,18,16
Gold Coast-Sydney,Gold Coast,Sydney,Virgin Australia,2020,99,882,957,237,162
Hamilton Island-Brisbane,Hamilton Island,Brisbane,Qantas,2020,3,289,285,37,41
Hamilton Island-Brisbane,Hamilton Island,Brisbane,QantasLink,2020,1,123,117,9,15
Hamilton Island-Brisbane,Hamilton Island,Brisbane,Virgin Australia,2020,5,327,342,58,43
Hamilton Island-Sydney,Hamilton Island,Sydney,Jetstar,2020,14,67,69,19,17
Hamilton Island-Sydney,Hamilton Island,Sydney,Qantas,2020,15,132,131,27,28
Hamilton Island-Sydney,Hamilton Island,Sydney,Virgin Australia,2020,4,145,148,22,19
Hobart-Brisbane,Hobart,Brisbane,Jetstar,2020,0,231,225,43,49
Hobart-Brisbane,Hobart,Brisbane,Qantas,2020,0,2,2,2,2
Hobart-Brisbane,Hobart,Brisbane,QantasLink,2020,5,125,121,29,33
Hobart-Brisbane,Hobart,Brisbane,Virgin Australia,2020,7,220,221,58,57
Hobart-Melbourne,Hobart,Melbourne,Jetstar,2020,142,777,801,157,133
Hobart-Melbourne,Hobart,Melbourne,Qantas,2020,5,52,52,5,5
Hobart-Melbourne,Hobart,Melbourne,QantasLink,2020,67,391,381,109,119
Hobart-Melbourne,Hobart,Melbourne,Virgin Australia,2020,67,382,374,54,62
Hobart-Sydney,Hobart,Sydney,Jetstar,2020,55,459,453,67,73
Hobart-Sydney,Hobart,Sydney,Qantas,2020,2,92,94,20,18
Hobart-Sydney,Hobart,Sydney,QantasLink,2020,23,247,243,46,50
Hobart-Sydney,Hobart,Sydney,Virgin Australia,2020,21,301,300,35,36
Kalgoorlie-Perth,Kalgoorlie,Perth,Qantas,2020,5,122,128,18,12
Kalgoorlie-Perth,Kalgoorlie,Perth,QantasLink,2020,25,545,564,103,84
Kalgoorlie-Perth,Kalgoorlie,Perth,Virgin Australia,2020,9,222,239,76,59
Kalgoorlie-Perth,Kalgoorlie,Perth,Virgin Australia Regional Airlines,2020,4,201,205,33,29
Karratha-Perth,Karratha,Perth,Qantas,2020,21,335,338,32,29
Karratha-Perth,Karratha,Perth,QantasLink,2020,68,889,907,242,224
Karratha-Perth,Karratha,Perth,Virgin Australia,2020,5,351,378,81,54
Karratha-Perth,Karratha,Perth,Virgin Australia Regional Airlines,2020,0,78,80,32,30
Launceston-Melbourne,Launceston,Melbourne,Jetstar,2020,102,526,545,91,72
Launceston-Melbourne,Launceston,Melbourne,QantasLink,2020,71,363,362,67,68
Launceston-Melbourne,Launceston,Melbourne,Virgin Australia,2020,46,337,333,32,36
Launceston-Sydney,Launceston,Sydney,Jetstar,2020,27,250,266,78,62
Launceston-Sydney,Launceston,Sydney,QantasLink,2020,8,84,64,20,40
Launceston-Sydney,Launceston,Sydney,Virgin Australia,2020,11,186,183,25,28
Mackay-Brisbane,Mackay,Brisbane,Jetstar,2020,3,278,293,52,37
Mackay-Brisbane,Mackay,Brisbane,Qantas,2020,17,751,742,95,104
Mackay-Brisbane,Mackay,Brisbane,QantasLink,2020,5,334,337,20,17
Mackay-Brisbane,Mackay,Brisbane,Virgin Australia,2020,8,726,760,95,61
Melbourne-Adelaide,Melbourne,Adelaide,Jetstar,2020,150,554,583,90,61
Melbourne-Adelaide,Melbourne,Adelaide,Qantas,2020,201,791,781,72,82
Melbourne-Adelaide,Melbourne,Adelaide,Regional Express,2020,41,107,110,35,32
Melbourne-Adelaide,Melbourne,Adelaide,Virgin Australia,2020,197,669,680,112,101
Melbourne-Brisbane,Melbourne,Brisbane,Jetstar,2020,302,672,693,153,132
Melbourne-Brisbane,Melbourne,Brisbane,Qantas,2020,302,1244,1185,189,248
Melbourne-Brisbane,Melbourne,Brisbane,Virgin Australia,2020,276,891,902,190,179
Melbourne-Cairns,Melbourne,Cairns,Jetstar,2020,95,395,427,121,89
Melbourne-Cairns,Melbourne,Cairns,Qantas,2020,21,177,173,23,27
Melbourne-Cairns,Melbourne,Cairns,Virgin Australia,2020,20,178,183,22,17
Melbourne-Canberra,Melbourne,Canberra,Qantas,2020,28,82,83,7,6
Melbourne-Canberra,Melbourne,Canberra,QantasLink,2020,167,825,808,207,224
Melbourne-Canberra,Melbourne,Canberra,Virgin Australia,2020,62,367,375,65,57
Melbourne-Darwin,Melbourne,Darwin,Jetstar,2020,8,14,11,2,5
Melbourne-Darwin,Melbourne,Darwin,Qantas,2020,17,38,37,4,5
Melbourne-Darwin,Melbourne,Darwin,Virgin Australia,2020,9,9,8,2,3
Melbourne-Gold Coast,Melbourne,Gold Coast,Jetstar,2020,179,850,866,181,165
Melbourne-Gold Coast,Melbourne,Gold Coast,Qantas,2020,25,304,301,38,41
Melbourne-Gold Coast,Melbourne,Gold Coast,QantasLink,2020,0,2,2,5,5
Melbourne-Gold Coast,Melbourne,Gold Coast,Regional Express,2020,27,106,109,51,48
Melbourne-Gold Coast,Melbourne,Gold Coast,Virgin Australia,2020,220,782,811,156,127
Melbourne-Hobart,Melbourne,Hobart,Jetstar,2020,138,794,812,144,126
Melbourne-Hobart,Melbourne,Hobart,Qantas,2020,6,53,51,3,5
Melbourne-Hobart,Melbourne,Hobart,QantasLink,2020,76,372,346,129,155
Melbourne-Hobart,Melbourne,Hobart,Virgin Australia,2020,71,378,377,59,60
Melbourne-Launceston,Melbourne,Launceston,Jetstar,2020,101,526,535,91,82
Melbourne-Launceston,Melbourne,Launceston,QantasLink,2020,73,367,356,70,81
Melbourne-Launceston,Melbourne,Launceston,Virgin Australia,2020,51,318,312,51,57
Melbourne-Mildura,Melbourne,Mildura,QantasLink,2020,63,440,455,153,138
Melbourne-Mildura,Melbourne,Mildura,Regional Express,2020,20,391,382,47,56
Melbourne-Newcastle,Melbourne,Newcastle,Jetstar,2020,85,320,324,59,55
Melbourne-Newcastle,Melbourne,Newcastle,QantasLink,2020,36,110,96,32,46
Melbourne-Newcastle,Melbourne,Newcastle,Virgin Australia,2020,9,138,136,12,14
Melbourne-Perth,Melbourne,Perth,Jetstar,2020,123,132,133,25,24
Melbourne-Perth,Melbourne,Perth,Qantas,2020,94,467,425,140,182
Melbourne-Perth,Melbourne,Perth,Virgin Australia,2020,81,372,394,88,66
Melbourne-Sunshine Coast,Melbourne,Sunshine Coast,Jetstar,2020,43,364,340,67,91
Melbourne-Sunshine Coast,Melbourne,Sunshine Coast,QantasLink,2020,31,183,164,46,65
Melbourne-Sunshine Coast,Melbourne,Sunshine Coast,Virgin Australia,2020,47,314,315,21,20
Melbourne-Sydney,Melbourne,Sydney,Jetstar,2020,620,1389,1451,256,194
Melbourne-Sydney,Melbourne,Sydney,Qantas,2020,1051,2823,2826,271,268
Melbourne-Sydney,Melbourne,Sydney,Regional Express,2020,141,484,489,50,45
Melbourne-Sydney,Melbourne,Sydney,Virgin Australia,2020,633,1759,1772,262,249
Mildura-Melbourne,Mildura,Melbourne,QantasLink,2020,62,431,418,161,174
Mildura-Melbourne,Mildura,Melbourne,Regional Express,2020,17,402,399,37,40
Mount Isa-Brisbane,Mount Isa,Brisbane,Qantas,2020,3,317,334,47,30
Mount Isa-Brisbane,Mount Isa,Brisbane,QantasLink,2020,9,180,182,13,11
Mount Isa-Brisbane,Mount Isa,Brisbane,Virgin Australia,2020,2,130,133,21,18
Newcastle-Brisbane,Newcastle,Brisbane,Jetstar,2020,45,421,418,82,85
Newcastle-Brisbane,Newcastle,Brisbane,QantasLink,2020,25,483,492,61,52
Newcastle-Brisbane,Newcastle,Brisbane,Virgin Australia,2020,19,359,360,18,17
Newcastle-Melbourne,Newcastle,Melbourne,Jetstar,2020,89,311,325,63,49
Newcastle-Melbourne,Newcastle,Melbourne,QantasLink,2020,33,124,127,20,17
Newcastle-Melbourne,Newcastle,Melbourne,Virgin Australia,2020,9,131,133,19,17
Newman-Perth,Newman,Perth,Qantas,2020,20,218,224,63,57
Newman-Perth,Newman,Perth,QantasLink,2020,50,626,636,159,149
Newman-Perth,Newman,Perth,Virgin Australia,2020,24,254,267,76,63
Newman-Perth,Newman,Perth,Virgin Australia Regional Airlines,2020,1,97,101,21,17
Perth-Adelaide,Perth,Adelaide,Jetstar,2020,9,106,118,34,22
Perth-Adelaide,Perth,Adelaide,Qantas,2020,30,500,467,55,88
Perth-Adelaide,Perth,Adelaide,Virgin Australia,2020,5,279,262,29,46
Perth-Adelaide,Perth,Adelaide,Virgin Australia Regional Airlines,2020,0,12,11,0,1
Perth-Brisbane,Perth,Brisbane,Qantas,2020,36,579,476,117,220
Perth-Brisbane,Perth,Brisbane,Virgin Australia,2020,33,323,368,128,83
Perth-Broome,Perth,Broome,Qantas,2020,5,192,200,18,10
Perth-Broome,Perth,Broome,QantasLink,2020,18,756,708,150,198
Perth-Broome,Perth,Broome,Virgin Australia,2020,1,310,339,56,27
Perth-Broome,Perth,Broome,Virgin Australia Regional Airlines,2020,0,30,33,10,7
Perth-Darwin,Perth,Darwin,Qantas,2020,3,198,187,28,39
Perth-Darwin,Perth,Darwin,Virgin Australia,2020,1,107,105,13,15
Perth-Darwin,Perth,Darwin,Virgin Australia Regional Airlines,2020,0,16,14,5,7
Perth-Kalgoorlie,Perth,Kalgoorlie,Qantas,2020,5,130,129,10,11
Perth-Kalgoorlie,Perth,Kalgoorlie,QantasLink,2020,21,569,557,83,95
Perth-Kalgoorlie,Perth,Kalgoorlie,Virgin Australia,2020,9,271,270,27,28
Perth-Kalgoorlie,Perth,Kalgoorlie,Virgin Australia Regional Airlines,2020,4,212,210,22,24
Perth-Karratha,Perth,Karratha,Qantas,2020,18,350,350,20,20
Perth-Karratha,Perth,Karratha,QantasLink,2020,55,966,886,175,255
Perth-Karratha,Perth,Karratha,Virgin Australia,2020,5,408,401,25,32
Perth-Karratha,Perth,Karratha,Virgin Australia Regional Airlines,2020,0,96,89,13,20
Perth-Melbourne,Perth,Melbourne,Jetstar,2020,126,94,110,60,44
Perth-Melbourne,Perth,Melbourne,Qantas,2020,92,457,408,153,202
Perth-Melbourne,Perth,Melbourne,Virgin Australia,2020,85,338,365,124,97
Perth-Newman,Perth,Newman,Qantas,2020,16,265,261,19,23
Perth-Newman,Perth,Newman,QantasLink,2020,46,707,705,84,86
Perth-Newman,Perth,Newman,Virgin Australia,2020,24,311,308,18,21
Perth-Newman,Perth,Newman,Virgin Australia Regional Airlines,2020,1,111,110,7,8
Perth-Port Hedland,Perth,Port Hedland,Qantas,2020,20,402,398,22,26
Perth-Port Hedland,Perth,Port Hedland,QantasLink,2020,48,610,541,89,158
Perth-Port Hedland,Perth,Port Hedland,Virgin Australia,2020,4,130,130,7,7
Perth-Port Hedland,Perth,Port Hedland,Virgin Australia Regional Airlines,2020,4,327,321,27,33
Perth-Sydney,Perth,Sydney,Jetstar,2020,31,68,87,76,57
Perth-Sydney,Perth,Sydney,Qantas,2020,60,637,601,211,247
Perth-Sydney,Perth,Sydney,Virgin Australia,2020,35,326,367,106,65
Port Hedland-Perth,Port Hedland,Perth,Qantas,2020,22,347,335,73,85
Port Hedland-Perth,Port Hedland,Perth,QantasLink,2020,54,536,459,158,235
Port Hedland-Perth,Port Hedland,Perth,Virgin Australia,2020,5,106,115,30,21
Port Hedland-Perth,Port Hedland,Perth,Virgin Australia Regional Airlines,2020,5,276,271,77,82
Port Lincoln-Adelaide,Port Lincoln,Adelaide,QantasLink,2020,23,725,718,116,123
Port Lincoln-Adelaide,Port Lincoln,Adelaide,Regional Express,2020,8,1076,1084,250,242
Port Macquarie-Sydney,Port Macquarie,Sydney,QantasLink,2020,28,355,353,35,37
Port Macquarie-Sydney,Port Macquarie,Sydney,Regional Express,2020,2,217,200,19,36
Proserpine-Brisbane,Proserpine,Brisbane,Jetstar,2020,5,317,328,89,78
Proserpine-Brisbane,Proserpine,Brisbane,Virgin Australia,2020,2,274,295,62,41
Rockhampton-Brisbane,Rockhampton,Brisbane,QantasLink,2020,36,1302,1280,223,245
Rockhampton-Brisbane,Rockhampton,Brisbane,Virgin Australia,2020,13,637,685,148,100
Sunshine Coast-Melbourne,Sunshine Coast,Melbourne,Jetstar,2020,45,315,336,114,93
Sunshine Coast-Melbourne,Sunshine Coast,Melbourne,QantasLink,2020,35,173,178,55,50
Sunshine Coast-Melbourne,Sunshine Coast,Melbourne,Virgin Australia,2020,47,280,278,55,57
Sunshine Coast-Sydney,Sunshine Coast,Sydney,Jetstar,2020,37,335,334,56,57
Sunshine Coast-Sydney,Sunshine Coast,Sydney,QantasLink,2020,19,220,228,68,60
Sunshine Coast-Sydney,Sunshine Coast,Sydney,Virgin Australia,2020,22,243,226,59,76
Sydney-Adelaide,Sydney,Adelaide,Jetstar,2020,99,642,669,105,78
Sydney-Adelaide,Sydney,Adelaide,Qantas,2020,102,984,982,127,129
Sydney-Adelaide,Sydney,Adelaide,Virgin Australia,2020,68,570,591,103,82
Sydney-Albury,Sydney,Albury,QantasLink,2020,15,617,641,101,77
Sydney-Albury,Sydney,Albury,Regional Express,2020,4,363,372,42,33
Sydney-Armidale,Sydney,Armidale,QantasLink,2020,18,420,430,92,82
Sydney-Armidale,Sydney,Armidale,Regional Express,2020,2,178,178,46,46
Sydney-Ballina,Sydney,Ballina,Jetstar,2020,12,866,858,90,98
Sydney-Ballina,Sydney,Ballina,Qantas,2020,5,153,145,13,21
Sydney-Ballina,Sydney,Ballina,QantasLink,2020,30,686,611,90,165
Sydney-Ballina,Sydney,Ballina,Regional Express,2020,1,99,99,7,7
Sydney-Ballina,Sydney,Ballina,Virgin Australia,2020,11,388,381,39,46
Sydney-Brisbane,Sydney,Brisbane,Jetstar,2020,172,798,819,175,154
Sydney-Brisbane,Sydney,Brisbane,Qantas,2020,280,2418,2382,270,306
Sydney-Brisbane,Sydney,Brisbane,QantasLink,2020,1,1,0,0,1
Sydney-Brisbane,Sydney,Brisbane,Virgin Australia,2020,196,1527,1536,198,189
Sydney-Cairns,Sydney,Cairns,Jetstar,2020,49,343,373,95,65
Sydney-Cairns,Sydney,Cairns,Qantas,2020,29,267,270,63,60
Sydney-Cairns,Sydney,Cairns,Virgin Australia,2020,18,232,239,20,13
Sydney-Canberra,Sydney,Canberra,Qantas,2020,6,30,30,0,0
Sydney-Canberra,Sydney,Canberra,QantasLink,2020,99,561,561,144,144
Sydney-Canberra,Sydney,Canberra,Regional Express,2020,29,341,310,75,106
Sydney-Coffs Harbour,Sydney,Coffs Harbour,QantasLink,2020,21,816,834,115,97
Sydney-Coffs Harbour,Sydney,Coffs Harbour,Regional Express,2020,0,229,234,25,20
Sydney-Coffs Harbour,Sydney,Coffs Harbour,Virgin Australia,2020,0,107,107,12,12
Sydney-Dubbo,Sydney,Dubbo,QantasLink,2020,18,613,625,82,70
Sydney-Dubbo,Sydney,Dubbo,Regional Express,2020,6,564,576,80,68
Sydney-Gold Coast,Sydney,Gold Coast,Jetstar,2020,168,1058,1053,139,144
Sydney-Gold Coast,Sydney,Gold Coast,Qantas,2020,27,439,449,54,44
Sydney-Gold Coast,Sydney,Gold Coast,Regional Express,2020,11,155,150,16,21
Sydney-Gold Coast,Sydney,Gold Coast,Virgin Australia,2020,102,948,926,170,192
Sydney-Hamilton Island,Sydney,Hamilton Island,Jetstar,2020,14,68,76,18,10
Sydney-Hamilton Island,Sydney,Hamilton Island,Qantas,2020,15,137,140,21,18
Sydney-Hamilton Island,Sydney,Hamilton Island,Virgin Australia,2020,4,154,153,13,14
Sydney-Hobart,Sydney,Hobart,Jetstar,2020,55,452,468,74,58
Sydney-Hobart,Sydney,Hobart,Qantas,2020,2,100,103,10,7
Sydney-Hobart,Sydney,Hobart,QantasLink,2020,24,237,249,57,45
Sydney-Hobart,Sydney,Hobart,Virgin Australia,2020,21,305,311,31,25
Sydney-Launceston,Sydney,Launceston,Jetstar,2020,34,267,275,61,53
Sydney-Launceston,Sydney,Launceston,QantasLink,2020,8,82,89,22,15
Sydney-Launceston,Sydney,Launceston,Virgin Australia,2020,11,179,184,32,27
Sydney-Melbourne,Sydney,Melbourne,Jetstar,2020,618,1334,1435,311,210
Sydney-Melbourne,Sydney,Melbourne,Qantas,2020,1057,2737,2790,359,306
Sydney-Melbourne,Sydney,Melbourne,Regional Express,2020,136,480,475,47,52
Sydney-Melbourne,Sydney,Melbourne,Virgin Australia,2020,626,1627,1772,402,257
Sydney-Perth,Sydney,Perth,Jetstar,2020,26,95,115,51,31
Sydney-Perth,Sydney,Perth,Qantas,2020,55,632,627,219,224
Sydney-Perth,Sydney,Perth,Virgin Australia,2020,31,346,377,88,57
Sydney-Port Macquarie,Sydney,Port Macquarie,QantasLink,2020,29,333,341,56,48
Sydney-Port Macquarie,Sydney,Port Macquarie,Regional Express,2020,2,209,217,27,19
Sydney-Sunshine Coast,Sydney,Sunshine Coast,Jetstar,2020,31,343,342,52,53
Sydney-Sunshine Coast,Sydney,Sunshine Coast,QantasLink,2020,18,222,208,68,82
Sydney-Sunshine Coast,Sydney,Sunshine Coast,Virgin Australia,2020,21,264,251,40,53
Sydney-Townsville,Sydney,Townsville,Jetstar,2020,8,15,16,4,3
Sydney-Townsville,Sydney,Townsville,Virgin Australia,2020,0,4,3,0,1
Sydney-Wagga Wagga,Sydney,Wagga Wagga,QantasLink,2020,16,646,669,96,73
Sydney-Wagga Wagga,Sydney,Wagga Wagga,Regional Express,2020,3,409,416,46,39
Townsville-Brisbane,Townsville,Brisbane,Jetstar,2020,3,553,552,99,100
Townsville-Brisbane,Townsville,Brisbane,Qantas,2020,19,858,839,123,142
Townsville-Brisbane,Townsville,Brisbane,QantasLink,2020,6,120,111,7,16
Townsville-Brisbane,Townsville,Brisbane,Virgin Australia,2020,14,702,753,121,70
Townsville-Cairns,Townsville,Cairns,QantasLink,2020,6,865,890,128,103
Townsville-Cairns,Townsville,Cairns,Regional Express,2020,1,137,137,5,5
Townsville-Sydney,Townsville,Sydney,Jetstar,2020,3,20,21,4,3
Townsville-Sydney,Townsville,Sydney,Virgin Australia,2020,0,4,3,0,1
Wagga Wagga-Sydney,Wagga Wagga,Sydney,QantasLink,2020,17,669,677,69,61
Wagga Wagga-Sydney,Wagga Wagga,Sydney,Regional Express,2020,1,418,412,44,50
Adelaide-Alice Springs,Adelaide,Alice Springs,Qantas,2021,10,144,142,7,9
Adelaide-Alice Springs,Adelaide,Alice Springs,QantasLink,2021,19,182,174,39,47
Adelaide-Alice Springs,Adelaide,Alice Springs,Virgin Australia,2021,1,122,120,18,20
Adelaide-Brisbane,Adelaide,Brisbane,Jetstar,2021,55,250,246,63,67
Adelaide-Brisbane,Adelaide,Brisbane,Qantas,2021,64,672,675,79,76
Adelaide-Brisbane,Adelaide,Brisbane,QantasLink,2021,16,60,51,121,130
Adelaide-Brisbane,Adelaide,Brisbane,Virgin Australia,2021,102,779,811,119,87
Adelaide-Canberra,Adelaide,Canberra,Qantas,2021,25,105,106,7,6
Adelaide-Canberra,Adelaide,Canberra,QantasLink,2021,10,270,249,52,73
Adelaide-Canberra,Adelaide,Canberra,Virgin Australia,2021,9,176,177,16,15
Adelaide-Gold Coast,Adelaide,Gold Coast,Jetstar,2021,30,222,220,22,24
Adelaide-Gold Coast,Adelaide,Gold Coast,QantasLink,2021,18,52,50,11,13
Adelaide-Gold Coast,Adelaide,Gold Coast,Virgin Australia,2021,39,232,226,23,29
Adelaide-Melbourne,Adelaide,Melbourne,Jetstar,2021,111,490,521,214,183
Adelaide-Melbourne,Adelaide,Melbourne,Qantas,2021,207,1192,1203,259,248
Adelaide-Melbourne,Adelaide,Melbourne,QantasLink,2021,0,7,7,6,6
Adelaide-Melbourne,Adelaide,Melbourne,Rex Airlines,2021,25,307,309,26,24
Adelaide-Melbourne,Adelaide,Melbourne,Virgin Australia,2021,204,1143,1217,588,514
Adelaide-Perth,Adelaide,Perth,Jetstar,2021,26,148,149,37,36
Adelaide-Perth,Adelaide,Perth,Qantas,2021,68,583,551,123,155
Adelaide-Perth,Adelaide,Perth,Virgin Australia,2021,25,159,155,35,39
Adelaide-Perth,Adelaide,Perth,Virgin Australia Regional Airlines,2021,14,67,96,103,74
Adelaide-Port Lincoln,Adelaide,Port Lincoln,QantasLink,2021,95,924,936,150,138
Adelaide-Port Lincoln,Adelaide,Port Lincoln,Rex Airlines,2021,46,1700,1624,196,272
Adelaide-Sydney,Adelaide,Sydney,Jetstar,2021,131,515,516,169,168
Adelaide-Sydney,Adelaide,Sydney,Qantas,2021,114,1055,1003,298,350
Adelaide-Sydney,Adelaide,Sydney,Virgin Australia,2021,61,660,652,202,210
Albury-Sydney,Albury,Sydney,QantasLink,2021,60,539,555,156,140
Albury-Sydney,Albury,Sydney,Rex Airlines,2021,9,602,587,73,88
Alice Springs-Adelaide,Alice Springs,Adelaide,Qantas,2021,10,125,127,26,24
Alice Springs-Adelaide,Alice Springs,Adelaide,QantasLink,2021,20,138,147,82,73
Alice Springs-Adelaide,Alice Springs,Adelaide,Virgin Australia,2021,1,98,104,42,36
All Ports-All Ports,All Ports,All Ports,Jetstar,2021,6743,34039,35608,16102,14533
Armidale-Sydney,Armidale,Sydney,QantasLink,2021,77,501,502,157,156
Armidale-Sydney,Armidale,Sydney,Rex Airlines,2021,19,340,298,144,186
Ballina-Sydney,Ballina,Sydney,Jetstar,2021,109,376,413,261,224
Ballina-Sydney,Ballina,Sydney,Qantas,2021,0,47,51,16,12
Ballina-Sydney,Ballina,Sydney,QantasLink,2021,100,450,436,215,229
Ballina-Sydney,Ballina,Sydney,Rex Airlines,2021,13,164,161,43,46
Ballina-Sydney,Ballina,Sydney,Virgin Australia,2021,59,473,487,143,129
Brisbane-Adelaide,Brisbane,Adelaide,Jetstar,2021,55,178,210,134,102
Brisbane-Adelaide,Brisbane,Adelaide,Qantas,2021,68,671,680,76,67
Brisbane-Adelaide,Brisbane,Adelaide,QantasLink,2021,17,75,75,106,106
Brisbane-Adelaide,Brisbane,Adelaide,Virgin Australia,2021,108,735,796,161,100
Brisbane-Cairns,Brisbane,Cairns,Jetstar,2021,64,693,698,300,295
Brisbane-Cairns,Brisbane,Cairns,Qantas,2021,67,1127,1105,165,187
Brisbane-Cairns,Brisbane,Cairns,QantasLink,2021,12,156,150,59,65
Brisbane-Cairns,Brisbane,Cairns,Virgin Australia,2021,101,1214,1208,324,330
Brisbane-Canberra,Brisbane,Canberra,Jetstar,2021,1,54,74,42,22
Brisbane-Canberra,Brisbane,Canberra,Qantas,2021,43,157,161,21,17
Brisbane-Canberra,Brisbane,Canberra,QantasLink,2021,113,617,640,272,249
Brisbane-Canberra,Brisbane,Canberra,Virgin Australia,2021,53,505,542,157,120
Brisbane-Darwin,Brisbane,Darwin,Jetstar,2021,27,203,202,53,54
Brisbane-Darwin,Brisbane,Darwin,Qantas,2021,31,407,373,92,126
Brisbane-Darwin,Brisbane,Darwin,Virgin Australia,2021,29,335,346,60,49
Brisbane-Emerald,Brisbane,Emerald,QantasLink,2021,110,1055,1056,137,136
Brisbane-Emerald,Brisbane,Emerald,Virgin Australia,2021,7,266,275,42,33
Brisbane-Gladstone,Brisbane,Gladstone,QantasLink,2021,155,975,978,233,230
Brisbane-Gladstone,Brisbane,Gladstone,Virgin Australia,2021,49,437,417,48,68
Brisbane-Hamilton Island,Brisbane,Hamilton Island,Qantas,2021,20,359,340,27,46
Brisbane-Hamilton Island,Brisbane,Hamilton Island,Virgin Australia,2021,23,468,460,52,60
Brisbane-Hobart,Brisbane,Hobart,Jetstar,2021,16,278,300,62,40
Brisbane-Hobart,Brisbane,Hobart,Qantas,2021,10,73,71,4,6
Brisbane-Hobart,Brisbane,Hobart,QantasLink,2021,13,204,208,59,55
Brisbane-Hobart,Brisbane,Hobart,Virgin Australia,2021,44,449,490,105,64
Brisbane-Mackay,Brisbane,Mackay,Jetstar,2021,10,236,250,112,98
Brisbane-Mackay,Brisbane,Mackay,Qantas,2021,91,912,901,97,108
Brisbane-Mackay,Brisbane,Mackay,QantasLink,2021,26,123,119,27,31
Brisbane-Mackay,Brisbane,Mackay,Virgin Australia,2021,69,957,961,230,226
Brisbane-Melbourne,Brisbane,Melbourne,Jetstar,2021,242,545,630,406,321
Brisbane-Melbourne,Brisbane,Melbourne,Qantas,2021,280,1756,1834,536,458
Brisbane-Melbourne,Brisbane,Melbourne,Rex Airlines,2021,7,157,162,40,35
Brisbane-Melbourne,Brisbane,Melbourne,Virgin Australia,2021,323,1109,1197,1016,928
Brisbane-Mount Isa,Brisbane,Mount Isa,Qantas,2021,15,392,381,20,31
Brisbane-Mount Isa,Brisbane,Mount Isa,QantasLink,2021,7,116,120,59,55
Brisbane-Mount Isa,Brisbane,Mount Isa,Virgin Australia,2021,6,158,144,18,32
Brisbane-Newcastle,Brisbane,Newcastle,Jetstar,2021,50,273,280,90,83
Brisbane-Newcastle,Brisbane,Newcastle,QantasLink,2021,71,413,427,192,178
Brisbane-Newcastle,Brisbane,Newcastle,Virgin Australia,2021,24,477,459,88,106
Brisbane-Perth,Brisbane,Perth,Jetstar,2021,5,52,66,60,46
Brisbane-Perth,Brisbane,Perth,Qantas,2021,145,613,564,182,231
Brisbane-Perth,Brisbane,Perth,Virgin Australia,2021,38,330,373,155,112
Brisbane-Proserpine,Brisbane,Proserpine,Jetstar,2021,6,302,273,111,140
Brisbane-Proserpine,Brisbane,Proserpine,QantasLink,2021,25,235,212,39,62
Brisbane-Proserpine,Brisbane,Proserpine,Virgin Australia,2021,18,439,436,74,77
Brisbane-Rockhampton,Brisbane,Rockhampton,QantasLink,2021,144,1354,1335,245,264
Brisbane-Rockhampton,Brisbane,Rockhampton,Virgin Australia,2021,55,851,777,183,257
Brisbane-Sydney,Brisbane,Sydney,Jetstar,2021,225,476,527,314,263
Brisbane-Sydney,Brisbane,Sydney,Qantas,2021,438,2471,2463,678,686
Brisbane-Sydney,Brisbane,Sydney,Rex Airlines,2021,10,275,265,24,34
Brisbane-Sydney,Brisbane,Sydney,Virgin Australia,2021,328,1595,1748,932,779
Brisbane-Townsville,Brisbane,Townsville,Jetstar,2021,20,494,486,128,136
Brisbane-Townsville,Brisbane,Townsville,Qantas,2021,65,1046,1016,174,204
Brisbane-Townsville,Brisbane,Townsville,QantasLink,2021,3,47,40,30,37
Brisbane-Townsville,Brisbane,Townsville,Virgin Australia,2021,81,981,987,214,208
Broome-Perth,Broome,Perth,Qantas,2021,20,387,403,69,53
Broome-Perth,Broome,Perth,QantasLink,2021,48,399,418,162,143
Broome-Perth,Broome,Perth,Virgin Australia,2021,9,236,274,91,53
Broome-Perth,Broome,Perth,Virgin Australia Regional Airlines,2021,12,212,251,125,86
Cairns-Brisbane,Cairns,Brisbane,Jetstar,2021,62,777,748,215,244
Cairns-Brisbane,Cairns,Brisbane,Qantas,2021,65,1150,1135,134,149
Cairns-Brisbane,Cairns,Brisbane,QantasLink,2021,15,140,127,73,86
Cairns-Brisbane,Cairns,Brisbane,Virgin Australia,2021,97,1226,1347,312,191
Cairns-Melbourne,Cairns,Melbourne,Jetstar,2021,55,443,481,211,173
Cairns-Melbourne,Cairns,Melbourne,Qantas,2021,24,242,226,99,115
Cairns-Melbourne,Cairns,Melbourne,Virgin Australia,2021,52,351,360,194,185
Cairns-Sydney,Cairns,Sydney,Jetstar,2021,87,428,448,138,118
Cairns-Sydney,Cairns,Sydney,Qantas,2021,35,254,252,132,134
Cairns-Sydney,Cairns,Sydney,Virgin Australia,2021,51,397,409,107,95
Cairns-Townsville,Cairns,Townsville,QantasLink,2021,40,1301,1315,155,141
Cairns-Townsville,Cairns,Townsville,Rex Airlines,2021,3,173,172,14,15
Canberra-Adelaide,Canberra,Adelaide,Qantas,2021,25,107,107,5,5
Canberra-Adelaide,Canberra,Adelaide,QantasLink,2021,12,239,249,81,71
Canberra-Adelaide,Canberra,Adelaide,Virgin Australia,2021,8,171,173,21,19
Canberra-Brisbane,Canberra,Brisbane,Jetstar,2021,3,48,52,50,46
Canberra-Brisbane,Canberra,Brisbane,Qantas,2021,43,148,155,28,21
Canberra-Brisbane,Canberra,Brisbane,QantasLink,2021,104,654,626,237,265
Canberra-Brisbane,Canberra,Brisbane,Virgin Australia,2021,54,530,533,135,132
Canberra-Melbourne,Canberra,Melbourne,Qantas,2021,3,24,23,6,7
Canberra-Melbourne,Canberra,Melbourne,QantasLink,2021,232,1101,1068,482,515
Canberra-Melbourne,Canberra,Melbourne,Rex Airlines,2021,0,113,114,28,27
Canberra-Melbourne,Canberra,Melbourne,Virgin Australia,2021,43,624,648,258,234
Canberra-Sydney,Canberra,Sydney,Qantas,2021,5,0,0,0,0
Canberra-Sydney,Canberra,Sydney,QantasLink,2021,489,1885,1808,548,625
Canberra-Sydney,Canberra,Sydney,Rex Airlines,2021,49,548,491,52,109
Canberra-Sydney,Canberra,Sydney,Virgin Australia,2021,7,694,691,119,122
Coffs Harbour-Sydney,Coffs Harbour,Sydney,QantasLink,2021,81,603,608,189,184
Coffs Harbour-Sydney,Coffs Harbour,Sydney,Rex Airlines,2021,21,476,449,112,139
Coffs Harbour-Sydney,Coffs Harbour,Sydney,Virgin Australia,2021,2,94,100,22,16
Darwin-Brisbane,Darwin,Brisbane,Jetstar,2021,30,153,156,101,98
Darwin-Brisbane,Darwin,Brisbane,Qantas,2021,27,306,301,183,188
Darwin-Brisbane,Darwin,Brisbane,Virgin Australia,2021,30,280,322,111,69
Darwin-Melbourne,Darwin,Melbourne,Jetstar,2021,27,36,44,66,58
Darwin-Melbourne,Darwin,Melbourne,Qantas,2021,23,156,155,90,91
Darwin-Melbourne,Darwin,Melbourne,Virgin Australia,2021,33,92,94,84,82
Darwin-Perth,Darwin,Perth,Qantas,2021,25,267,256,43,54
Darwin-Perth,Darwin,Perth,QantasLink,2021,3,15,17,60,58
Darwin-Perth,Darwin,Perth,Virgin Australia,2021,1,46,47,20,19
Darwin-Perth,Darwin,Perth,Virgin Australia Regional Airlines,2021,10,95,101,54,48
Darwin-Sydney,Darwin,Sydney,Jetstar,2021,2,14,36,40,18
Darwin-Sydney,Darwin,Sydney,Qantas,2021,0,12,18,70,64
Darwin-Sydney,Darwin,Sydney,Virgin Australia,2021,1,30,34,6,2
Dubbo-Sydney,Dubbo,Sydney,QantasLink,2021,61,533,552,154,135
Dubbo-Sydney,Dubbo,Sydney,Rex Airlines,2021,13,602,567,148,183
Emerald-Brisbane,Emerald,Brisbane,QantasLink,2021,112,1026,1031,161,156
Emerald-Brisbane,Emerald,Brisbane,Virgin Australia,2021,4,276,280,33,29
Gladstone-Brisbane,Gladstone,Brisbane,QantasLink,2021,156,999,1000,205,204
Gladstone-Brisbane,Gladstone,Brisbane,Virgin Australia,2021,50,413,374,71,110
Gold Coast-Adelaide,Gold Coast,Adelaide,Jetstar,2021,30,196,217,48,27
Gold Coast-Adelaide,Gold Coast,Adelaide,QantasLink,2021,19,34,43,28,19
Gold Coast-Adelaide,Gold Coast,Adelaide,Virgin Australia,2021,40,194,207,60,47
Gold Coast-Melbourne,Gold Coast,Melbourne,Jetstar,2021,231,904,988,460,376
Gold Coast-Melbourne,Gold Coast,Melbourne,Qantas,2021,42,270,286,124,108
Gold Coast-Melbourne,Gold Coast,Melbourne,QantasLink,2021,29,54,70,75,59
Gold Coast-Melbourne,Gold Coast,Melbourne,Rex Airlines,2021,38,285,268,61,78
Gold Coast-Melbourne,Gold Coast,Melbourne,Virgin Australia,2021,288,1284,1483,756,557
Gold Coast-Sydney,Gold Coast,Sydney,Jetstar,2021,284,1064,1118,456,402
Gold Coast-Sydney,Gold Coast,Sydney,Qantas,2021,46,389,389,169,169
Gold Coast-Sydney,Gold Coast,Sydney,QantasLink,2021,14,56,56,54,54
Gold Coast-Sydney,Gold Coast,Sydney,Rex Airlines,2021,35,251,254,35,32
Gold Coast-Sydney,Gold Coast,Sydney,Virgin Australia,2021,267,1275,1360,586,501
Hamilton Island-Brisbane,Hamilton Island,Brisbane,Qantas,2021,22,308,311,74,71
Hamilton Island-Brisbane,Hamilton Island,Brisbane,Virgin Australia,2021,23,409,435,110,84
Hamilton Island-Sydney,Hamilton Island,Sydney,Jetstar,2021,21,82,95,76,63
Hamilton Island-Sydney,Hamilton Island,Sydney,Qantas,2021,26,150,156,53,47
Hamilton Island-Sydney,Hamilton Island,Sydney,Virgin Australia,2021,11,121,131,58,48
Hobart-Brisbane,Hobart,Brisbane,Jetstar,2021,17,259,257,80,82
Hobart-Brisbane,Hobart,Brisbane,Qantas,2021,10,67,67,10,10
Hobart-Brisbane,Hobart,Brisbane,QantasLink,2021,14,195,199,67,63
Hobart-Brisbane,Hobart,Brisbane,Virgin Australia,2021,47,415,395,136,156
Hobart-Melbourne,Hobart,Melbourne,Jetstar,2021,128,675,697,382,360
Hobart-Melbourne,Hobart,Melbourne,Qantas,2021,0,11,11,12,12
Hobart-Melbourne,Hobart,Melbourne,QantasLink,2021,71,505,517,235,223
Hobart-Melbourne,Hobart,Melbourne,Virgin Australia,2021,65,577,534,275,318
Hobart-Sydney,Hobart,Sydney,Jetstar,2021,77,394,374,170,190
Hobart-Sydney,Hobart,Sydney,Qantas,2021,19,146,143,33,36
Hobart-Sydney,Hobart,Sydney,QantasLink,2021,28,188,143,112,157
Hobart-Sydney,Hobart,Sydney,Virgin Australia,2021,37,439,410,97,126
Kalgoorlie-Perth,Kalgoorlie,Perth,Qantas,2021,4,158,175,57,40
Kalgoorlie-Perth,Kalgoorlie,Perth,QantasLink,2021,42,456,480,169,145
Kalgoorlie-Perth,Kalgoorlie,Perth,Virgin Australia,2021,2,195,214,148,129
Kalgoorlie-Perth,Kalgoorlie,Perth,Virgin Australia Regional Airlines,2021,6,256,267,106,95
Karratha-Perth,Karratha,Perth,Qantas,2021,18,449,460,55,44
Karratha-Perth,Karratha,Perth,QantasLink,2021,74,911,928,220,203
Karratha-Perth,Karratha,Perth,Virgin Australia,2021,0,280,308,80,52
Karratha-Perth,Karratha,Perth,Virgin Australia Regional Airlines,2021,0,186,197,82,71
Launceston-Melbourne,Launceston,Melbourne,Jetstar,2021,80,352,374,280,258
Launceston-Melbourne,Launceston,Melbourne,QantasLink,2021,115,391,371,296,316
Launceston-Melbourne,Launceston,Melbourne,Virgin Australia,2021,42,484,462,148,170
Launceston-Sydney,Launceston,Sydney,Jetstar,2021,31,230,238,137,129
Launceston-Sydney,Launceston,Sydney,QantasLink,2021,8,84,91,52,45
Launceston-Sydney,Launceston,Sydney,Virgin Australia,2021,7,245,236,31,40
Mackay-Brisbane,Mackay,Brisbane,Jetstar,2021,14,219,231,125,113
Mackay-Brisbane,Mackay,Brisbane,Qantas,2021,96,878,867,124,135
Mackay-Brisbane,Mackay,Brisbane,QantasLink,2021,34,156,162,37,31
Mackay-Brisbane,Mackay,Brisbane,Virgin Australia,2021,70,963,1022,223,164
Melbourne-Adelaide,Melbourne,Adelaide,Jetstar,2021,108,468,519,239,188
Melbourne-Adelaide,Melbourne,Adelaide,Qantas,2021,206,1070,1089,381,362
Melbourne-Adelaide,Melbourne,Adelaide,QantasLink,2021,1,0,0,12,12
Melbourne-Adelaide,Melbourne,Adelaide,Rex Airlines,2021,29,289,286,43,46
Melbourne-Adelaide,Melbourne,Adelaide,Virgin Australia,2021,203,1160,1176,577,561
Melbourne-Brisbane,Melbourne,Brisbane,Jetstar,2021,242,552,543,400,409
Melbourne-Brisbane,Melbourne,Brisbane,Qantas,2021,263,1673,1629,642,686
Melbourne-Brisbane,Melbourne,Brisbane,Rex Airlines,2021,6,171,163,26,34
Melbourne-Brisbane,Melbourne,Brisbane,Virgin Australia,2021,324,1358,1324,769,803
Melbourne-Cairns,Melbourne,Cairns,Jetstar,2021,53,343,403,318,258
Melbourne-Cairns,Melbourne,Cairns,Qantas,2021,23,228,241,112,99
Melbourne-Cairns,Melbourne,Cairns,Virgin Australia,2021,53,392,401,152,143
Melbourne-Canberra,Melbourne,Canberra,Qantas,2021,3,24,22,7,9
Melbourne-Canberra,Melbourne,Canberra,QantasLink,2021,228,1043,1047,546,542
Melbourne-Canberra,Melbourne,Canberra,Rex Airlines,2021,0,121,119,20,22
Melbourne-Canberra,Melbourne,Canberra,Virgin Australia,2021,39,642,649,242,235
Melbourne-Darwin,Melbourne,Darwin,Jetstar,2021,25,64,60,38,42
Melbourne-Darwin,Melbourne,Darwin,Qantas,2021,27,173,176,75,72
Melbourne-Darwin,Melbourne,Darwin,Virgin Australia,2021,26,131,121,44,54
Melbourne-Gold Coast,Melbourne,Gold Coast,Jetstar,2021,228,812,843,552,521
Melbourne-Gold Coast,Melbourne,Gold Coast,Qantas,2021,44,325,324,69,70
Melbourne-Gold Coast,Melbourne,Gold Coast,QantasLink,2021,29,75,69,54,60
Melbourne-Gold Coast,Melbourne,Gold Coast,Rex Airlines,2021,38,301,297,44,48
Melbourne-Gold Coast,Melbourne,Gold Coast,Virgin Australia,2021,289,1382,1377,664,669
Melbourne-Hobart,Melbourne,Hobart,Jetstar,2021,126,712,771,342,283
Melbourne-Hobart,Melbourne,Hobart,Qantas,2021,0,13,16,10,7
Melbourne-Hobart,Melbourne,Hobart,QantasLink,2021,73,465,487,285,263
Melbourne-Hobart,Melbourne,Hobart,Virgin Australia,2021,63,629,615,224,238
Melbourne-Launceston,Melbourne,Launceston,Jetstar,2021,78,396,417,236,215
Melbourne-Launceston,Melbourne,Launceston,QantasLink,2021,104,449,407,250,292
Melbourne-Launceston,Melbourne,Launceston,Virgin Australia,2021,43,449,433,184,200
Melbourne-Mildura,Melbourne,Mildura,QantasLink,2021,64,583,615,348,316
Melbourne-Mildura,Melbourne,Mildura,Rex Airlines,2021,13,472,459,123,136
Melbourne-Newcastle,Melbourne,Newcastle,Jetstar,2021,41,363,342,183,204
Melbourne-Newcastle,Melbourne,Newcastle,QantasLink,2021,38,169,160,113,122
Melbourne-Newcastle,Melbourne,Newcastle,Virgin Australia,2021,11,224,224,80,80
Melbourne-Perth,Melbourne,Perth,Jetstar,2021,40,120,148,94,66
Melbourne-Perth,Melbourne,Perth,Qantas,2021,58,370,395,399,374
Melbourne-Perth,Melbourne,Perth,Virgin Australia,2021,37,351,454,271,168
Melbourne-Sunshine Coast,Melbourne,Sunshine Coast,Jetstar,2021,69,347,331,160,176
Melbourne-Sunshine Coast,Melbourne,Sunshine Coast,Qantas,2021,2,179,181,40,38
Melbourne-Sunshine Coast,Melbourne,Sunshine Coast,QantasLink,2021,15,94,85,58,67
Melbourne-Sunshine Coast,Melbourne,Sunshine Coast,Virgin Australia,2021,108,537,547,241,231
Melbourne-Sydney,Melbourne,Sydney,Jetstar,2021,491,1466,1544,809,731
Melbourne-Sydney,Melbourne,Sydney,Qantas,2021,1035,4148,4020,1184,1312
Melbourne-Sydney,Melbourne,Sydney,QantasLink,2021,41,45,36,43,52
Melbourne-Sydney,Melbourne,Sydney,Rex Airlines,2021,76,646,635,81,92
Melbourne-Sydney,Melbourne,Sydney,Virgin Australia,2021,614,3315,3267,1255,1303
Mildura-Melbourne,Mildura,Melbourne,QantasLink,2021,65,593,580,335,348
Mildura-Melbourne,Mildura,Melbourne,Rex Airlines,2021,11,500,478,92,114
Mount Isa-Brisbane,Mount Isa,Brisbane,Qantas,2021,19,361,375,47,33
Mount Isa-Brisbane,Mount Isa,Brisbane,QantasLink,2021,9,126,134,47,39
Mount Isa-Brisbane,Mount Isa,Brisbane,Virgin Australia,2021,6,144,134,32,42
Newcastle-Brisbane,Newcastle,Brisbane,Jetstar,2021,49,262,253,102,111
Newcastle-Brisbane,Newcastle,Brisbane,QantasLink,2021,68,431,432,170,169
Newcastle-Brisbane,Newcastle,Brisbane,Virgin Australia,2021,25,492,459,72,105
Newcastle-Melbourne,Newcastle,Melbourne,Jetstar,2021,42,323,367,222,178
Newcastle-Melbourne,Newcastle,Melbourne,QantasLink,2021,35,208,208,82,82
Newcastle-Melbourne,Newcastle,Melbourne,Virgin Australia,2021,7,213,204,90,99
Newman-Perth,Newman,Perth,Qantas,2021,16,178,176,47,49
Newman-Perth,Newman,Perth,QantasLink,2021,62,868,846,215,237
Newman-Perth,Newman,Perth,Virgin Australia,2021,3,274,275,79,78
Newman-Perth,Newman,Perth,Virgin Australia Regional Airlines,2021,8,234,226,76,84
Perth-Adelaide,Perth,Adelaide,Jetstar,2021,27,86,113,99,72
Perth-Adelaide,Perth,Adelaide,Qantas,2021,69,553,568,153,138
Perth-Adelaide,Perth,Adelaide,Virgin Australia,2021,18,176,174,20,22
Perth-Adelaide,Perth,Adelaide,Virgin Australia Regional Airlines,2021,13,118,109,53,62
Perth-Brisbane,Perth,Brisbane,Jetstar,2021,6,31,35,80,76
Perth-Brisbane,Perth,Brisbane,Qantas,2021,137,619,612,178,185
Perth-Brisbane,Perth,Brisbane,Virgin Australia,2021,44,265,338,218,145
Perth-Broome,Perth,Broome,Qantas,2021,14,422,432,35,25
Perth-Broome,Perth,Broome,QantasLink,2021,37,454,487,114,81
Perth-Broome,Perth,Broome,Virgin Australia,2021,8,264,283,64,45
Perth-Broome,Perth,Broome,Virgin Australia Regional Airlines,2021,11,267,272,71,66
Perth-Darwin,Perth,Darwin,Qantas,2021,25,288,279,24,33
Perth-Darwin,Perth,Darwin,QantasLink,2021,3,35,39,40,36
Perth-Darwin,Perth,Darwin,Virgin Australia,2021,1,54,54,11,11
Perth-Darwin,Perth,Darwin,Virgin Australia Regional Airlines,2021,10,118,119,32,31
Perth-Kalgoorlie,Perth,Kalgoorlie,Qantas,2021,3,201,198,15,18
Perth-Kalgoorlie,Perth,Kalgoorlie,QantasLink,2021,36,508,496,122,134
Perth-Kalgoorlie,Perth,Kalgoorlie,Virgin Australia,2021,1,309,309,35,35
Perth-Kalgoorlie,Perth,Kalgoorlie,Virgin Australia Regional Airlines,2021,5,307,299,55,63
Perth-Karratha,Perth,Karratha,Qantas,2021,13,470,471,45,44
Perth-Karratha,Perth,Karratha,QantasLink,2021,64,967,926,172,213
Perth-Karratha,Perth,Karratha,Virgin Australia,2021,0,335,323,25,37
Perth-Karratha,Perth,Karratha,Virgin Australia Regional Airlines,2021,0,225,215,43,53
Perth-Melbourne,Perth,Melbourne,Jetstar,2021,41,70,81,140,129
Perth-Melbourne,Perth,Melbourne,Qantas,2021,62,563,499,197,261
Perth-Melbourne,Perth,Melbourne,Virgin Australia,2021,31,311,356,317,272
Perth-Newman,Perth,Newman,Qantas,2021,16,196,202,30,24
Perth-Newman,Perth,Newman,QantasLink,2021,57,944,958,142,128
Perth-Newman,Perth,Newman,Virgin Australia,2021,2,325,321,29,33
Perth-Newman,Perth,Newman,Virgin Australia Regional Airlines,2021,8,266,262,43,47
Perth-Port Hedland,Perth,Port Hedland,Qantas,2021,5,458,447,34,45
Perth-Port Hedland,Perth,Port Hedland,QantasLink,2021,52,805,776,141,170
Perth-Port Hedland,Perth,Port Hedland,Virgin Australia,2021,0,140,134,20,26
Perth-Port Hedland,Perth,Port Hedland,Virgin Australia Regional Airlines,2021,8,394,395,65,64
Perth-Sydney,Perth,Sydney,Jetstar,2021,42,35,59,104,80
Perth-Sydney,Perth,Sydney,Qantas,2021,46,548,539,212,221
Perth-Sydney,Perth,Sydney,Virgin Australia,2021,24,224,328,229,125
Port Hedland-Perth,Port Hedland,Perth,Qantas,2021,8,394,402,97,89
Port Hedland-Perth,Port Hedland,Perth,QantasLink,2021,59,717,708,230,239
Port Hedland-Perth,Port Hedland,Perth,Virgin Australia,2021,0,94,100,66,60
Port Hedland-Perth,Port Hedland,Perth,Virgin Australia Regional Airlines,2021,11,325,318,130,137
Port Lincoln-Adelaide,Port Lincoln,Adelaide,QantasLink,2021,93,941,941,131,131
Port Lincoln-Adelaide,Port Lincoln,Adelaide,Rex Airlines,2021,45,1593,1567,298,324
Port Macquarie-Sydney,Port Macquarie,Sydney,QantasLink,2021,68,550,549,139,140
Port Macquarie-Sydney,Port Macquarie,Sydney,Rex Airlines,2021,13,486,396,101,191
Proserpine-Brisbane,Proserpine,Brisbane,Jetstar,2021,11,235,248,178,165
Proserpine-Brisbane,Proserpine,Brisbane,QantasLink,2021,27,195,203,76,68
Proserpine-Brisbane,Proserpine,Brisbane,Virgin Australia,2021,23,363,402,150,111
Rockhampton-Brisbane,Rockhampton,Brisbane,QantasLink,2021,157,1263,1234,322,351
Rockhampton-Brisbane,Rockhampton,Brisbane,Virgin Australia,2021,53,864,875,170,159
Sunshine Coast-Melbourne,Sunshine Coast,Melbourne,Jetstar,2021,73,310,317,191,184
Sunshine Coast-Melbourne,Sunshine Coast,Melbourne,Qantas,2021,3,166,169,53,50
Sunshine Coast-Melbourne,Sunshine Coast,Melbourne,QantasLink,2021,17,81,85,68,64
Sunshine Coast-Melbourne,Sunshine Coast,Melbourne,Virgin Australia,2021,106,459,438,316,337
Sunshine Coast-Sydney,Sunshine Coast,Sydney,Jetstar,2021,88,348,335,158,171
Sunshine Coast-Sydney,Sunshine Coast,Sydney,Qantas,2021,16,263,278,97,82
Sunshine Coast-Sydney,Sunshine Coast,Sydney,QantasLink,2021,17,7,7,0,0
Sunshine Coast-Sydney,Sunshine Coast,Sydney,Virgin Australia,2021,75,375,313,191,253
Sydney-Adelaide,Sydney,Adelaide,Jetstar,2021,129,408,499,277,186
Sydney-Adelaide,Sydney,Adelaide,Qantas,2021,112,1012,1008,353,357
Sydney-Adelaide,Sydney,Adelaide,Virgin Australia,2021,58,654,665,213,202
Sydney-Albury,Sydney,Albury,QantasLink,2021,64,539,581,157,115
Sydney-Albury,Sydney,Albury,Rex Airlines,2021,9,578,585,100,93
Sydney-Armidale,Sydney,Armidale,QantasLink,2021,67,460,484,202,178
Sydney-Armidale,Sydney,Armidale,Rex Airlines,2021,19,355,352,127,130
Sydney-Ballina,Sydney,Ballina,Jetstar,2021,108,500,496,138,142
Sydney-Ballina,Sydney,Ballina,Qantas,2021,0,59,58,4,5
Sydney-Ballina,Sydney,Ballina,QantasLink,2021,101,489,427,181,243
Sydney-Ballina,Sydney,Ballina,Rex Airlines,2021,11,173,174,37,36
Sydney-Ballina,Sydney,Ballina,Virgin Australia,2021,54,509,484,112,137
Sydney-Brisbane,Sydney,Brisbane,Jetstar,2021,216,476,479,325,322
Sydney-Brisbane,Sydney,Brisbane,Qantas,2021,457,2163,2127,973,1009
Sydney-Brisbane,Sydney,Brisbane,Rex Airlines,2021,10,248,235,54,67
Sydney-Brisbane,Sydney,Brisbane,Virgin Australia,2021,328,1909,1890,608,627
Sydney-Cairns,Sydney,Cairns,Jetstar,2021,85,401,412,166,155
Sydney-Cairns,Sydney,Cairns,Qantas,2021,35,248,249,138,137
Sydney-Cairns,Sydney,Cairns,Virgin Australia,2021,52,416,441,89,64
Sydney-Canberra,Sydney,Canberra,Qantas,2021,7,0,0,0,0
Sydney-Canberra,Sydney,Canberra,QantasLink,2021,478,1744,1762,704,686
Sydney-Canberra,Sydney,Canberra,Rex Airlines,2021,50,502,450,99,151
Sydney-Canberra,Sydney,Canberra,Virgin Australia,2021,7,620,671,193,142
Sydney-Coffs Harbour,Sydney,Coffs Harbour,QantasLink,2021,81,575,592,223,206
Sydney-Coffs Harbour,Sydney,Coffs Harbour,Rex Airlines,2021,19,474,477,120,117
Sydney-Coffs Harbour,Sydney,Coffs Harbour,Virgin Australia,2021,2,101,101,15,15
Sydney-Darwin,Sydney,Darwin,Jetstar,2021,2,31,35,23,19
Sydney-Darwin,Sydney,Darwin,Qantas,2021,0,37,35,46,48
Sydney-Darwin,Sydney,Darwin,Virgin Australia,2021,0,26,28,9,7
Sydney-Dubbo,Sydney,Dubbo,QantasLink,2021,66,495,508,197,184
Sydney-Dubbo,Sydney,Dubbo,Rex Airlines,2021,12,596,619,178,155
Sydney-Gold Coast,Sydney,Gold Coast,Jetstar,2021,277,1106,1099,421,428
Sydney-Gold Coast,Sydney,Gold Coast,Qantas,2021,51,399,390,162,171
Sydney-Gold Coast,Sydney,Gold Coast,QantasLink,2021,13,72,70,39,41
Sydney-Gold Coast,Sydney,Gold Coast,Rex Airlines,2021,37,256,240,28,44
Sydney-Gold Coast,Sydney,Gold Coast,Virgin Australia,2021,270,1320,1261,544,603
Sydney-Hamilton Island,Sydney,Hamilton Island,Jetstar,2021,21,125,123,33,35
Sydney-Hamilton Island,Sydney,Hamilton Island,Qantas,2021,25,154,156,49,47
Sydney-Hamilton Island,Sydney,Hamilton Island,Virgin Australia,2021,11,157,150,22,29
Sydney-Hobart,Sydney,Hobart,Jetstar,2021,73,423,472,146,97
Sydney-Hobart,Sydney,Hobart,Qantas,2021,26,153,155,26,24
Sydney-Hobart,Sydney,Hobart,QantasLink,2021,31,127,138,179,168
Sydney-Hobart,Sydney,Hobart,Virgin Australia,2021,38,451,471,87,67
Sydney-Launceston,Sydney,Launceston,Jetstar,2021,31,261,266,104,99
Sydney-Launceston,Sydney,Launceston,QantasLink,2021,8,82,90,54,46
Sydney-Launceston,Sydney,Launceston,Virgin Australia,2021,6,222,243,54,33
Sydney-Melbourne,Sydney,Melbourne,Jetstar,2021,496,1457,1662,822,617
Sydney-Melbourne,Sydney,Melbourne,Qantas,2021,1028,3933,4085,1238,1086
Sydney-Melbourne,Sydney,Melbourne,QantasLink,2021,40,35,24,55,66
Sydney-Melbourne,Sydney,Melbourne,Rex Airlines,2021,76,631,631,90,90
Sydney-Melbourne,Sydney,Melbourne,Virgin Australia,2021,615,2937,3204,1629,1362
Sydney-Perth,Sydney,Perth,Jetstar,2021,32,64,94,78,48
Sydney-Perth,Sydney,Perth,Qantas,2021,50,337,363,419,393
Sydney-Perth,Sydney,Perth,Virgin Australia,2021,24,296,315,154,135
Sydney-Port Macquarie,Sydney,Port Macquarie,QantasLink,2021,69,490,528,202,164
Sydney-Port Macquarie,Sydney,Port Macquarie,Rex Airlines,2021,13,443,442,143,144
Sydney-Sunshine Coast,Sydney,Sunshine Coast,Jetstar,2021,80,390,375,118,133
Sydney-Sunshine Coast,Sydney,Sunshine Coast,Qantas,2021,13,269,244,96,121
Sydney-Sunshine Coast,Sydney,Sunshine Coast,QantasLink,2021,21,7,7,0,0
Sydney-Sunshine Coast,Sydney,Sunshine Coast,Virgin Australia,2021,76,450,426,116,140
Sydney-Wagga Wagga,Sydney,Wagga Wagga,QantasLink,2021,59,499,527,176,148
Sydney-Wagga Wagga,Sydney,Wagga Wagga,Rex Airlines,2021,8,424,437,156,143
Townsville-Brisbane,Townsville,Brisbane,Jetstar,2021,22,435,443,186,178
Townsville-Brisbane,Townsville,Brisbane,Qantas,2021,62,1037,1017,180,200
Townsville-Brisbane,Townsville,Brisbane,QantasLink,2021,4,34,35,42,41
Townsville-Brisbane,Townsville,Brisbane,Virgin Australia,2021,82,967,1027,226,166
Townsville-Cairns,Townsville,Cairns,QantasLink,2021,50,1247,1284,199,162
Townsville-Cairns,Townsville,Cairns,Rex Airlines,2021,3,171,172,17,16
Wagga Wagga-Sydney,Wagga Wagga,Sydney,QantasLink,2021,57,556,570,118,104
Wagga Wagga-Sydney,Wagga Wagga,Sydney,Rex Airlines,2021,10,492,455,89,126
,,,,,,,,,
Adelaide-Alice Springs, Adelaide ,Alice Springs,Qantas,2022,1,19,18,0,1
Adelaide-Alice Springs, Adelaide ,Alice Springs,QantasLink,2022,1,444,392,66,118
Adelaide-Alice Springs, Adelaide ,Alice Springs,Virgin Australia,2022,0,113,103,34,44
Adelaide-Brisbane, Adelaide ,Brisbane,Jetstar,2022,26,249,243,112,118
Adelaide-Brisbane, Adelaide ,Brisbane,Qantas,2022,2,322,362,151,111
Adelaide-Brisbane, Adelaide ,Brisbane,QantasLink,2022,6,756,784,376,348
Adelaide-Brisbane, Adelaide ,Brisbane,Virgin Australia,2022,65,1055,1117,443,381
Adelaide-Canberra, Adelaide ,Canberra,QantasLink,2022,7,892,861,117,148
Adelaide-Canberra, Adelaide ,Canberra,Virgin Australia,2022,8,159,170,88,77
Adelaide-Darwin, Adelaide ,Darwin,Jetstar,2022,0,36,28,16,24
Adelaide-Darwin,Adelaide,Darwin,QantasLink,2022,1,94,59,21,56
Adelaide-Darwin,Adelaide,Darwin,Virgin Australia,2022,0,20,17,7,10
Adelaide-Gold Coast,Adelaide,Gold Coast,Jetstar,2022,6,263,252,66,77
Adelaide-Gold Coast,Adelaide,Gold Coast,Virgin Australia,2022,8,328,332,99,95
Adelaide-Melbourne,Adelaide,Melbourne,Jetstar,2022,78,656,714,481,423
Adelaide-Melbourne,Adelaide,Melbourne,Qantas,2022,62,1935,1972,872,835
Adelaide-Melbourne,Adelaide,Melbourne,QantasLink,2022,11,120,110,24,34
Adelaide-Melbourne,Adelaide,Melbourne,Rex Airlines,2022,2,533,536,140,137
Adelaide-Melbourne,Adelaide,Melbourne,Virgin Australia,2022,69,1986,2050,1058,994
Adelaide-Perth,Adelaide,Perth,Jetstar,2022,13,225,227,76,74
Adelaide-Perth,Adelaide,Perth,Qantas,2022,5,836,866,286,256
Adelaide-Perth,Adelaide,Perth,Virgin Australia,2022,5,111,113,110,108
Adelaide-Perth,Adelaide,Perth,Virgin Australia Regional Airlines,2022,54,171,224,297,244
Adelaide-Port Lincoln,Adelaide,Port Lincoln,QantasLink,2022,53,1273,1293,240,220
Adelaide-Port Lincoln,Adelaide,Port Lincoln,Rex Airlines,2022,77,1339,1243,496,592
Adelaide-Sydney,Adelaide,Sydney,Jetstar,2022,129,724,711,346,359
Adelaide-Sydney,Adelaide,Sydney,Qantas,2022,49,1630,1667,950,913
Adelaide-Sydney,Adelaide,Sydney,Virgin Australia,2022,77,1074,1059,653,668
Albury-Sydney,Albury,Sydney,QantasLink,2022,22,870,872,283,281
Albury-Sydney,Albury,Sydney,Rex Airlines,2022,37,1046,1001,306,351
Alice Springs-Adelaide,Alice Springs,Adelaide,Qantas,2022,1,14,12,5,7
Alice Springs-Adelaide,Alice Springs,Adelaide,QantasLink,2022,3,330,352,180,158
Alice Springs-Adelaide,Alice Springs,Adelaide,Virgin Australia,2022,0,74,82,73,65
All Ports-All Ports,All Ports,All Ports,Jetstar,2022,5401,45338,46963,30808,29183
All Ports-All Ports,All Ports,All Ports,Qantas,2022,3191,61815,62209,28725,28331
All Ports-All Ports,All Ports,All Ports,QantasLink,2022,4621,97609,97836,32078,31851
All Ports-All Ports,All Ports,All Ports,Rex Airlines,2022,1503,56662,54800,19171,21033
All Ports-All Ports,All Ports,All Ports,Skytrans,2022,29,621,634,174,161
All Ports-All Ports,All Ports,All Ports,Virgin Australia,2022,4729,87726,87378,42137,42485
All Ports-All Ports,All Ports,All Ports,Virgin Australia Regional Airlines,2022,331,4029,4148,2284,2165
Armidale-Sydney,Armidale,Sydney,QantasLink,2022,80,921,911,169,179
Armidale-Sydney,Armidale,Sydney,Rex Airlines,2022,24,532,447,256,341
Ballina-Sydney,Ballina,Sydney,Jetstar,2022,14,451,436,371,386
Ballina-Sydney,Ballina,Sydney,QantasLink,2022,31,721,684,311,348
Ballina-Sydney,Ballina,Sydney,Rex Airlines,2022,0,1,1,1,1
Ballina-Sydney,Ballina,Sydney,Virgin Australia,2022,17,340,335,231,236
Brisbane-Adelaide,Brisbane,Adelaide,Jetstar,2022,26,182,203,179,158
Brisbane-Adelaide,Brisbane,Adelaide,Qantas,2022,1,388,391,88,85
Brisbane-Adelaide,Brisbane,Adelaide,QantasLink,2022,7,785,659,345,471
Brisbane-Adelaide,Brisbane,Adelaide,Virgin Australia,2022,59,1055,1120,450,385
Brisbane-Cairns,Brisbane,Cairns,Jetstar,2022,29,527,543,390,374
Brisbane-Cairns,Brisbane,Cairns,Qantas,2022,0,922,960,264,226
Brisbane-Cairns,Brisbane,Cairns,QantasLink,2022,2,243,270,223,196
Brisbane-Cairns,Brisbane,Cairns,Virgin Australia,2022,11,1087,1102,516,501
Brisbane-Canberra,Brisbane,Canberra,Jetstar,2022,2,251,267,107,91
Brisbane-Canberra,Brisbane,Canberra,Qantas,2022,7,149,153,17,13
Brisbane-Canberra,Brisbane,Canberra,QantasLink,2022,41,1163,1142,504,525
Brisbane-Canberra,Brisbane,Canberra,Virgin Australia,2022,32,820,871,322,271
Brisbane-Darwin,Brisbane,Darwin,Jetstar,2022,11,158,171,80,67
Brisbane-Darwin,Brisbane,Darwin,Qantas,2022,2,192,196,62,58
Brisbane-Darwin,Brisbane,Darwin,QantasLink,2022,0,69,93,108,84
Brisbane-Darwin,Brisbane,Darwin,Virgin Australia,2022,2,278,303,144,119
Brisbane-Emerald,Brisbane,Emerald,QantasLink,2022,14,1157,1157,205,205
Brisbane-Emerald,Brisbane,Emerald,Virgin Australia,2022,0,234,234,80,80
Brisbane-Gladstone,Brisbane,Gladstone,QantasLink,2022,69,1101,1111,341,331
Brisbane-Gladstone,Brisbane,Gladstone,Virgin Australia,2022,14,453,426,150,177
Brisbane-Hamilton Island,Brisbane,Hamilton Island,Qantas,2022,0,216,211,39,44
Brisbane-Hamilton Island,Brisbane,Hamilton Island,Virgin Australia,2022,7,353,353,89,89
Brisbane-Hobart,Brisbane,Hobart,Jetstar,2022,1,222,235,70,57
Brisbane-Hobart,Brisbane,Hobart,QantasLink,2022,3,191,187,58,62
Brisbane-Hobart,Brisbane,Hobart,Virgin Australia,2022,10,427,440,157,144
Brisbane-Launceston,Brisbane,Launceston,Jetstar,2022,3,150,154,111,107
Brisbane-Launceston,Brisbane,Launceston,Virgin Australia,2022,2,189,190,55,54
Brisbane-Mackay,Brisbane,Mackay,Jetstar,2022,9,182,182,140,140
Brisbane-Mackay,Brisbane,Mackay,Qantas,2022,6,915,942,315,288
Brisbane-Mackay,Brisbane,Mackay,QantasLink,2022,3,106,102,30,34
Brisbane-Mackay,Brisbane,Mackay,Virgin Australia,2022,25,963,919,581,625
Brisbane-Melbourne,Brisbane,Melbourne,Jetstar,2022,200,918,996,649,571
Brisbane-Melbourne,Brisbane,Melbourne,Qantas,2022,82,2894,2869,1149,1174
Brisbane-Melbourne,Brisbane,Melbourne,Rex Airlines,2022,12,508,512,181,177
Brisbane-Melbourne,Brisbane,Melbourne,Virgin Australia,2022,158,2660,2549,1636,1747
Brisbane-Mount Isa,Brisbane,Mount Isa,Qantas,2022,0,427,433,42,36
Brisbane-Mount Isa,Brisbane,Mount Isa,QantasLink,2022,3,86,89,49,46
Brisbane-Mount Isa,Brisbane,Mount Isa,Virgin Australia,2022,0,117,87,39,69
Brisbane-Newcastle,Brisbane,Newcastle,Jetstar,2022,10,495,492,145,148
Brisbane-Newcastle,Brisbane,Newcastle,QantasLink,2022,92,1117,1141,329,305
Brisbane-Newcastle,Brisbane,Newcastle,Virgin Australia,2022,13,692,623,282,351
Brisbane-Perth,Brisbane,Perth,Jetstar,2022,10,115,131,139,123
Brisbane-Perth,Brisbane,Perth,Qantas,2022,21,1239,1191,515,563
Brisbane-Perth,Brisbane,Perth,Virgin Australia,2022,32,800,895,538,443
Brisbane-Proserpine,Brisbane,Proserpine,Jetstar,2022,7,267,257,123,133
Brisbane-Proserpine,Brisbane,Proserpine,QantasLink,2022,8,253,234,51,70
Brisbane-Proserpine,Brisbane,Proserpine,Virgin Australia,2022,8,346,348,94,92
Brisbane-Rockhampton,Brisbane,Rockhampton,QantasLink,2022,56,1444,1451,370,363
Brisbane-Rockhampton,Brisbane,Rockhampton,Virgin Australia,2022,8,1021,778,529,772
Brisbane-Sydney,Brisbane,Sydney,Jetstar,2022,268,996,1036,652,612
Brisbane-Sydney,Brisbane,Sydney,Qantas,2022,266,4613,4453,1248,1408
Brisbane-Sydney,Brisbane,Sydney,Rex Airlines,2022,25,1159,1105,324,378
Brisbane-Sydney,Brisbane,Sydney,Virgin Australia,2022,342,3417,3273,1681,1825
Brisbane-Townsville,Brisbane,Townsville,Jetstar,2022,16,402,395,177,184
Brisbane-Townsville,Brisbane,Townsville,Qantas,2022,5,783,809,272,246
Brisbane-Townsville,Brisbane,Townsville,QantasLink,2022,3,330,307,125,148
Brisbane-Townsville,Brisbane,Townsville,Virgin Australia,2022,46,1000,977,540,563
Broome-Perth,Broome,Perth,Qantas,2022,3,62,69,61,54
Broome-Perth,Broome,Perth,QantasLink,2022,28,518,539,310,289
Broome-Perth,Broome,Perth,Virgin Australia,2022,10,92,113,110,89
Broome-Perth,Broome,Perth,Virgin Australia Regional Airlines,2022,32,225,272,201,154
Cairns-Brisbane,Cairns,Brisbane,Jetstar,2022,24,581,540,336,377
Cairns-Brisbane,Cairns,Brisbane,Qantas,2022,2,1004,1000,177,181
Cairns-Brisbane,Cairns,Brisbane,QantasLink,2022,4,202,208,263,257
Cairns-Brisbane,Cairns,Brisbane,Virgin Australia,2022,10,1115,1227,487,375
Cairns-Gold Coast,Cairns,Gold Coast,Jetstar,2022,1,53,55,50,48
Cairns-Gold Coast,Cairns,Gold Coast,Virgin Australia,2022,0,25,24,5,6
Cairns-Melbourne,Cairns,Melbourne,Jetstar,2022,49,640,699,466,407
Cairns-Melbourne,Cairns,Melbourne,Qantas,2022,2,282,264,175,193
Cairns-Melbourne,Cairns,Melbourne,Virgin Australia,2022,12,432,416,320,336
Cairns-Sydney,Cairns,Sydney,Jetstar,2022,65,622,651,396,367
Cairns-Sydney,Cairns,Sydney,Qantas,2022,2,366,346,269,289
Cairns-Sydney,Cairns,Sydney,Virgin Australia,2022,15,684,666,228,246
Cairns-Townsville,Cairns,Townsville,QantasLink,2022,51,1482,1488,182,176
Cairns-Townsville,Cairns,Townsville,Rex Airlines,2022,9,148,149,25,24
Canberra-Adelaide,Canberra,Adelaide,QantasLink,2022,9,792,741,213,264
Canberra-Adelaide,Canberra,Adelaide,Virgin Australia,2022,8,169,161,78,86
Canberra-Brisbane,Canberra,Brisbane,Jetstar,2022,2,221,242,136,115
Canberra-Brisbane,Canberra,Brisbane,Qantas,2022,7,149,150,16,15
Canberra-Brisbane,Canberra,Brisbane,QantasLink,2022,52,1188,1207,466,447
Canberra-Brisbane,Canberra,Brisbane,Virgin Australia,2022,31,849,888,294,255
Canberra-Gold Coast,Canberra,Gold Coast,Jetstar,2022,5,72,86,92,78
Canberra-Gold Coast,Canberra,Gold Coast,QantasLink,2022,0,11,14,11,8
Canberra-Gold Coast,Canberra,Gold Coast,Virgin Australia,2022,1,255,256,96,95
Canberra-Melbourne,Canberra,Melbourne,Jetstar,2022,16,174,197,176,153
Canberra-Melbourne,Canberra,Melbourne,Qantas,2022,2,22,25,11,8
Canberra-Melbourne,Canberra,Melbourne,QantasLink,2022,149,1993,1957,669,705
Canberra-Melbourne,Canberra,Melbourne,Rex Airlines,2022,1,268,259,97,106
Canberra-Melbourne,Canberra,Melbourne,Virgin Australia,2022,19,860,865,502,497
Canberra-Sydney,Canberra,Sydney,QantasLink,2022,508,3407,3293,1122,1236
Canberra-Sydney,Canberra,Sydney,Virgin Australia,2022,116,2180,2199,623,604
Coffs Harbour-Sydney,Coffs Harbour,Sydney,QantasLink,2022,28,983,943,324,364
Coffs Harbour-Sydney,Coffs Harbour,Sydney,Rex Airlines,2022,14,1065,973,368,460
Darwin-Adelaide,Darwin,Adelaide,Jetstar,2022,0,24,34,28,18
Darwin-Adelaide,Darwin,Adelaide,QantasLink,2022,1,92,107,24,9
Darwin-Adelaide,Darwin,Adelaide,Virgin Australia,2022,0,21,26,5,0
Darwin-Brisbane,Darwin,Brisbane,Jetstar,2022,11,127,122,111,116
Darwin-Brisbane,Darwin,Brisbane,Qantas,2022,3,129,123,124,130
Darwin-Brisbane,Darwin,Brisbane,QantasLink,2022,0,158,156,20,22
Darwin-Brisbane,Darwin,Brisbane,Virgin Australia,2022,4,214,280,205,139
Darwin-Melbourne,Darwin,Melbourne,Jetstar,2022,12,100,110,183,173
Darwin-Melbourne,Darwin,Melbourne,Qantas,2022,3,249,264,91,76
Darwin-Melbourne,Darwin,Melbourne,Virgin Australia,2022,7,155,186,197,166
Darwin-Perth,Darwin,Perth,Qantas,2022,0,101,110,46,37
Darwin-Perth,Darwin,Perth,QantasLink,2022,5,88,107,130,111
Darwin-Perth,Darwin,Perth,Virgin Australia,2022,0,48,48,25,25
Darwin-Perth,Darwin,Perth,Virgin Australia Regional Airlines,2022,6,128,138,70,60
Darwin-Sydney,Darwin,Sydney,Jetstar,2022,12,48,69,107,86
Darwin-Sydney,Darwin,Sydney,Qantas,2022,3,149,140,172,181
Darwin-Sydney,Darwin,Sydney,Virgin Australia,2022,2,85,115,97,67
Devonport-Melbourne,Devonport,Melbourne,QantasLink,2022,2,164,160,48,52
Devonport-Melbourne,Devonport,Melbourne,Rex Airlines,2022,6,65,62,27,30
Dubbo-Sydney,Dubbo,Sydney,QantasLink,2022,48,967,1001,271,237
Dubbo-Sydney,Dubbo,Sydney,Rex Airlines,2022,10,1063,985,354,432
Emerald-Brisbane,Emerald,Brisbane,QantasLink,2022,17,1090,1104,267,253
Emerald-Brisbane,Emerald,Brisbane,Virgin Australia,2022,0,254,256,60,58
Gladstone-Brisbane,Gladstone,Brisbane,QantasLink,2022,76,1148,1148,284,284
Gladstone-Brisbane,Gladstone,Brisbane,Virgin Australia,2022,15,428,317,174,285
Gold Coast-Adelaide,Gold Coast,Adelaide,Jetstar,2022,6,234,247,95,82
Gold Coast-Adelaide,Gold Coast,Adelaide,Virgin Australia,2022,9,277,266,149,160
Gold Coast-Cairns,Gold Coast,Cairns,Jetstar,2022,2,78,71,22,29
Gold Coast-Cairns,Gold Coast,Cairns,Virgin Australia,2022,0,24,26,7,5
Gold Coast-Canberra,Gold Coast,Canberra,Jetstar,2022,2,78,94,87,71
Gold Coast-Canberra,Gold Coast,Canberra,QantasLink,2022,0,12,11,10,11
Gold Coast-Canberra,Gold Coast,Canberra,Virgin Australia,2022,1,242,238,109,113
Gold Coast-Melbourne,Gold Coast,Melbourne,Jetstar,2022,227,1406,1409,863,860
Gold Coast-Melbourne,Gold Coast,Melbourne,Qantas,2022,3,304,326,171,149
Gold Coast-Melbourne,Gold Coast,Melbourne,QantasLink,2022,3,83,92,70,61
Gold Coast-Melbourne,Gold Coast,Melbourne,Rex Airlines,2022,0,270,252,118,136
Gold Coast-Melbourne,Gold Coast,Melbourne,Virgin Australia,2022,92,2025,2193,1144,976
Gold Coast-Sydney,Gold Coast,Sydney,Jetstar,2022,284,1724,1692,916,948
Gold Coast-Sydney,Gold Coast,Sydney,Qantas,2022,6,714,632,319,401
Gold Coast-Sydney,Gold Coast,Sydney,QantasLink,2022,15,147,150,118,115
Gold Coast-Sydney,Gold Coast,Sydney,Rex Airlines,2022,3,281,295,93,79
Gold Coast-Sydney,Gold Coast,Sydney,Virgin Australia,2022,114,2394,2369,1172,1197
Hamilton Island-Brisbane,Hamilton Island,Brisbane,Qantas,2022,0,171,183,82,70
Hamilton Island-Brisbane,Hamilton Island,Brisbane,Virgin Australia,2022,6,294,328,147,113
Hamilton Island-Sydney,Hamilton Island,Sydney,Jetstar,2022,8,114,114,154,154
Hamilton Island-Sydney,Hamilton Island,Sydney,Qantas,2022,4,211,216,154,149
Hamilton Island-Sydney,Hamilton Island,Sydney,Virgin Australia,2022,10,211,185,124,150
Hobart-Brisbane,Hobart,Brisbane,Jetstar,2022,1,191,190,101,102
Hobart-Brisbane,Hobart,Brisbane,QantasLink,2022,7,161,167,84,78
Hobart-Brisbane,Hobart,Brisbane,Virgin Australia,2022,11,360,350,222,232
Hobart-Melbourne,Hobart,Melbourne,Jetstar,2022,105,894,926,702,670
Hobart-Melbourne,Hobart,Melbourne,Qantas,2022,6,219,222,111,108
Hobart-Melbourne,Hobart,Melbourne,QantasLink,2022,39,597,584,346,359
Hobart-Melbourne,Hobart,Melbourne,Virgin Australia,2022,21,989,861,577,705
Hobart-Sydney,Hobart,Sydney,Jetstar,2022,45,563,545,314,332
Hobart-Sydney,Hobart,Sydney,Qantas,2022,1,209,225,127,111
Hobart-Sydney,Hobart,Sydney,QantasLink,2022,25,443,394,193,242
Hobart-Sydney,Hobart,Sydney,Virgin Australia,2022,32,580,535,259,304
Kalgoorlie-Perth,Kalgoorlie,Perth,Qantas,2022,8,149,181,135,103
Kalgoorlie-Perth,Kalgoorlie,Perth,QantasLink,2022,18,362,381,190,171
Kalgoorlie-Perth,Kalgoorlie,Perth,Virgin Australia,2022,9,237,235,166,168
Kalgoorlie-Perth,Kalgoorlie,Perth,Virgin Australia Regional Airlines,2022,10,310,315,141,136
Karratha-Perth,Karratha,Perth,Qantas,2022,13,198,219,100,79
Karratha-Perth,Karratha,Perth,QantasLink,2022,30,848,952,495,391
Karratha-Perth,Karratha,Perth,Virgin Australia,2022,2,234,229,72,77
Karratha-Perth,Karratha,Perth,Virgin Australia Regional Airlines,2022,5,180,195,137,122
Launceston-Brisbane,Launceston,Brisbane,Jetstar,2022,7,104,122,156,138
Launceston-Brisbane,Launceston,Brisbane,Virgin Australia,2022,2,171,175,72,68
Launceston-Melbourne,Launceston,Melbourne,Jetstar,2022,47,462,528,555,489
Launceston-Melbourne,Launceston,Melbourne,QantasLink,2022,76,740,747,324,317
Launceston-Melbourne,Launceston,Melbourne,Virgin Australia,2022,14,918,859,274,333
Launceston-Sydney,Launceston,Sydney,Jetstar,2022,18,253,260,223,216
Launceston-Sydney,Launceston,Sydney,QantasLink,2022,5,187,208,111,90
Launceston-Sydney,Launceston,Sydney,Virgin Australia,2022,10,240,212,105,133
Mackay-Brisbane,Mackay,Brisbane,Jetstar,2022,15,146,154,175,167
Mackay-Brisbane,Mackay,Brisbane,Qantas,2022,12,895,912,331,314
Mackay-Brisbane,Mackay,Brisbane,QantasLink,2022,6,134,143,50,41
Mackay-Brisbane,Mackay,Brisbane,Virgin Australia,2022,29,958,1014,583,527
Melbourne-Adelaide,Melbourne,Adelaide,Jetstar,2022,70,724,753,421,392
Melbourne-Adelaide,Melbourne,Adelaide,Qantas,2022,47,1893,1917,928,904
Melbourne-Adelaide,Melbourne,Adelaide,QantasLink,2022,12,113,96,31,48
Melbourne-Adelaide,Melbourne,Adelaide,Rex Airlines,2022,1,498,486,176,188
Melbourne-Adelaide,Melbourne,Adelaide,Virgin Australia,2022,64,2100,1987,949,1062
Melbourne-Brisbane,Melbourne,Brisbane,Jetstar,2022,199,815,821,756,750
Melbourne-Brisbane,Melbourne,Brisbane,Qantas,2022,92,2786,2910,1247,1123
Melbourne-Brisbane,Melbourne,Brisbane,Rex Airlines,2022,6,561,534,131,158
Melbourne-Brisbane,Melbourne,Brisbane,Virgin Australia,2022,167,2932,2906,1365,1391
Melbourne-Cairns,Melbourne,Cairns,Jetstar,2022,43,614,683,498,429
Melbourne-Cairns,Melbourne,Cairns,Qantas,2022,0,298,331,161,128
Melbourne-Cairns,Melbourne,Cairns,Virgin Australia,2022,12,544,568,207,183
Melbourne-Canberra,Melbourne,Canberra,Jetstar,2022,17,196,205,154,145
Melbourne-Canberra,Melbourne,Canberra,Qantas,2022,2,21,25,12,8
Melbourne-Canberra,Melbourne,Canberra,QantasLink,2022,137,2042,2036,632,638
Melbourne-Canberra,Melbourne,Canberra,Rex Airlines,2022,1,294,280,70,84
Melbourne-Canberra,Melbourne,Canberra,Virgin Australia,2022,19,926,920,436,442
Melbourne-Darwin,Melbourne,Darwin,Jetstar,2022,8,159,157,127,129
Melbourne-Darwin,Melbourne,Darwin,Qantas,2022,2,168,202,172,138
Melbourne-Darwin,Melbourne,Darwin,Virgin Australia,2022,4,187,193,165,159
Melbourne-Devonport,Melbourne,Devonport,QantasLink,2022,2,166,169,46,43
Melbourne-Devonport,Melbourne,Devonport,Rex Airlines,2022,6,70,71,23,22
Melbourne-Gold Coast,Melbourne,Gold Coast,Jetstar,2022,217,1268,1342,1010,936
Melbourne-Gold Coast,Melbourne,Gold Coast,Qantas,2022,3,375,397,96,74
Melbourne-Gold Coast,Melbourne,Gold Coast,QantasLink,2022,2,105,104,48,49
Melbourne-Gold Coast,Melbourne,Gold Coast,Rex Airlines,2022,0,311,300,77,88
Melbourne-Gold Coast,Melbourne,Gold Coast,Virgin Australia,2022,88,2138,2231,1035,942
Melbourne-Hobart,Melbourne,Hobart,Jetstar,2022,100,897,929,707,675
Melbourne-Hobart,Melbourne,Hobart,Qantas,2022,4,214,222,119,111
Melbourne-Hobart,Melbourne,Hobart,QantasLink,2022,30,597,612,354,339
Melbourne-Hobart,Melbourne,Hobart,Virgin Australia,2022,19,1061,1002,506,565
Melbourne-Launceston,Melbourne,Launceston,Jetstar,2022,44,577,579,435,433
Melbourne-Launceston,Melbourne,Launceston,QantasLink,2022,63,779,762,304,321
Melbourne-Launceston,Melbourne,Launceston,Virgin Australia,2022,15,797,720,394,471
Melbourne-Mildura,Melbourne,Mildura,QantasLink,2022,34,828,811,430,447
Melbourne-Mildura,Melbourne,Mildura,Rex Airlines,2022,14,806,762,389,433
Melbourne-Newcastle,Melbourne,Newcastle,Jetstar,2022,9,354,350,199,203
Melbourne-Newcastle,Melbourne,Newcastle,QantasLink,2022,23,426,401,185,210
Melbourne-Newcastle,Melbourne,Newcastle,Virgin Australia,2022,3,271,255,113,129
Melbourne-Perth,Melbourne,Perth,Jetstar,2022,73,462,495,301,268
Melbourne-Perth,Melbourne,Perth,Qantas,2022,24,1330,1304,946,972
Melbourne-Perth,Melbourne,Perth,Virgin Australia,2022,47,1231,1392,725,564
Melbourne-Sunshine Coast,Melbourne,Sunshine Coast,Jetstar,2022,20,492,495,291,288
Melbourne-Sunshine Coast,Melbourne,Sunshine Coast,Qantas,2022,4,159,171,52,40
Melbourne-Sunshine Coast,Melbourne,Sunshine Coast,QantasLink,2022,9,169,157,82,94
Melbourne-Sunshine Coast,Melbourne,Sunshine Coast,Virgin Australia,2022,23,719,745,314,288
Melbourne-Sydney,Melbourne,Sydney,Jetstar,2022,650,2230,2381,1724,1573
Melbourne-Sydney,Melbourne,Sydney,Qantas,2022,959,6305,5948,2462,2819
Melbourne-Sydney,Melbourne,Sydney,Rex Airlines,2022,58,1610,1573,309,346
Melbourne-Sydney,Melbourne,Sydney,Virgin Australia,2022,717,6059,5529,2340,2870
Mildura-Melbourne,Mildura,Melbourne,QantasLink,2022,36,777,718,481,540
Mildura-Melbourne,Mildura,Melbourne,Rex Airlines,2022,16,846,781,341,406
Mount Isa-Brisbane,Mount Isa,Brisbane,Qantas,2022,3,389,414,77,52
Mount Isa-Brisbane,Mount Isa,Brisbane,QantasLink,2022,7,90,90,40,40
Mount Isa-Brisbane,Mount Isa,Brisbane,Virgin Australia,2022,0,98,72,58,84
Newcastle-Brisbane,Newcastle,Brisbane,Jetstar,2022,12,465,467,175,173
Newcastle-Brisbane,Newcastle,Brisbane,QantasLink,2022,110,1177,1193,258,242
Newcastle-Brisbane,Newcastle,Brisbane,Virgin Australia,2022,14,716,675,257,298
Newcastle-Melbourne,Newcastle,Melbourne,Jetstar,2022,21,314,351,234,197
Newcastle-Melbourne,Newcastle,Melbourne,QantasLink,2022,18,438,412,180,206
Newcastle-Melbourne,Newcastle,Melbourne,Virgin Australia,2022,3,220,189,164,195
Newman-Perth,Newman,Perth,Qantas,2022,10,204,193,53,64
Newman-Perth,Newman,Perth,QantasLink,2022,49,712,664,309,357
Newman-Perth,Newman,Perth,Virgin Australia,2022,12,183,179,85,89
Newman-Perth,Newman,Perth,Virgin Australia Regional Airlines,2022,14,275,263,103,115
Perth-Adelaide,Perth,Adelaide,Jetstar,2022,16,155,176,146,125
Perth-Adelaide,Perth,Adelaide,Qantas,2022,6,732,800,394,326
Perth-Adelaide,Perth,Adelaide,Virgin Australia,2022,4,160,150,62,72
Perth-Adelaide,Perth,Adelaide,Virgin Australia Regional Airlines,2022,48,297,279,168,186
Perth-Brisbane,Perth,Brisbane,Jetstar,2022,18,73,91,179,161
Perth-Brisbane,Perth,Brisbane,Qantas,2022,10,1234,1347,530,417
Perth-Brisbane,Perth,Brisbane,Virgin Australia,2022,38,758,989,556,325
Perth-Broome,Perth,Broome,Qantas,2022,2,90,102,35,23
Perth-Broome,Perth,Broome,QantasLink,2022,22,609,679,223,153
Perth-Broome,Perth,Broome,Virgin Australia,2022,10,109,126,92,75
Perth-Broome,Perth,Broome,Virgin Australia Regional Airlines,2022,30,272,296,157,133
Perth-Darwin,Perth,Darwin,Qantas,2022,0,111,113,36,34
Perth-Darwin,Perth,Darwin,QantasLink,2022,4,148,146,71,73
Perth-Darwin,Perth,Darwin,Virgin Australia,2022,0,46,44,27,29
Perth-Darwin,Perth,Darwin,Virgin Australia Regional Airlines,2022,5,125,136,74,63
Perth-Kalgoorlie,Perth,Kalgoorlie,Qantas,2022,6,218,215,67,70
Perth-Kalgoorlie,Perth,Kalgoorlie,QantasLink,2022,16,411,406,139,144
Perth-Kalgoorlie,Perth,Kalgoorlie,Virgin Australia,2022,8,320,305,84,99
Perth-Kalgoorlie,Perth,Kalgoorlie,Virgin Australia Regional Airlines,2022,9,346,327,106,125
Perth-Karratha,Perth,Karratha,Qantas,2022,13,253,250,46,49
Perth-Karratha,Perth,Karratha,QantasLink,2022,24,986,991,372,367
Perth-Karratha,Perth,Karratha,Virgin Australia,2022,2,259,249,47,57
Perth-Karratha,Perth,Karratha,Virgin Australia Regional Airlines,2022,4,217,192,99,124
Perth-Melbourne,Perth,Melbourne,Jetstar,2022,85,261,341,489,409
Perth-Melbourne,Perth,Melbourne,Qantas,2022,29,1460,1547,819,732
Perth-Melbourne,Perth,Melbourne,Virgin Australia,2022,57,1401,1483,623,541
Perth-Newman,Perth,Newman,Qantas,2022,7,227,231,33,29
Perth-Newman,Perth,Newman,QantasLink,2022,42,795,793,234,236
Perth-Newman,Perth,Newman,Virgin Australia,2022,10,229,217,41,53
Perth-Newman,Perth,Newman,Virgin Australia Regional Airlines,2022,11,302,292,77,87
Perth-Port Hedland,Perth,Port Hedland,Qantas,2022,8,344,354,106,96
Perth-Port Hedland,Perth,Port Hedland,QantasLink,2022,29,795,784,228,239
Perth-Port Hedland,Perth,Port Hedland,Virgin Australia,2022,5,136,136,41,41
Perth-Port Hedland,Perth,Port Hedland,Virgin Australia Regional Airlines,2022,17,304,294,112,122
Perth-Sydney,Perth,Sydney,Jetstar,2022,43,128,231,361,258
Perth-Sydney,Perth,Sydney,Qantas,2022,34,1396,1553,888,731
Perth-Sydney,Perth,Sydney,Virgin Australia,2022,54,1005,1273,618,350
Port Hedland-Perth,Port Hedland,Perth,Qantas,2022,10,275,295,173,153
Port Hedland-Perth,Port Hedland,Perth,QantasLink,2022,31,644,664,378,358
Port Hedland-Perth,Port Hedland,Perth,Virgin Australia,2022,5,80,89,99,90
Port Hedland-Perth,Port Hedland,Perth,Virgin Australia Regional Airlines,2022,18,229,236,187,180
Port Lincoln-Adelaide,Port Lincoln,Adelaide,QantasLink,2022,58,1326,1312,181,195
Port Lincoln-Adelaide,Port Lincoln,Adelaide,Rex Airlines,2022,81,1281,1262,554,573
Port Macquarie-Sydney,Port Macquarie,Sydney,QantasLink,2022,26,967,957,280,290
Port Macquarie-Sydney,Port Macquarie,Sydney,Rex Airlines,2022,43,862,705,263,420
Proserpine-Brisbane,Proserpine,Brisbane,Jetstar,2022,8,219,233,178,164
Proserpine-Brisbane,Proserpine,Brisbane,QantasLink,2022,12,204,204,96,96
Proserpine-Brisbane,Proserpine,Brisbane,Virgin Australia,2022,8,290,300,151,141
Rockhampton-Brisbane,Rockhampton,Brisbane,QantasLink,2022,79,1320,1315,473,478
Rockhampton-Brisbane,Rockhampton,Brisbane,Virgin Australia,2022,12,999,917,549,631
Sunshine Coast-Melbourne,Sunshine Coast,Melbourne,Jetstar,2022,25,454,422,325,357
Sunshine Coast-Melbourne,Sunshine Coast,Melbourne,Qantas,2022,5,126,132,84,78
Sunshine Coast-Melbourne,Sunshine Coast,Melbourne,QantasLink,2022,13,107,114,141,134
Sunshine Coast-Melbourne,Sunshine Coast,Melbourne,Virgin Australia,2022,27,654,580,375,449
Sunshine Coast-Sydney,Sunshine Coast,Sydney,Jetstar,2022,71,538,449,424,513
Sunshine Coast-Sydney,Sunshine Coast,Sydney,Qantas,2022,5,292,282,172,182
Sunshine Coast-Sydney,Sunshine Coast,Sydney,QantasLink,2022,11,266,241,73,98
Sunshine Coast-Sydney,Sunshine Coast,Sydney,Virgin Australia,2022,30,648,486,291,453
Sydney-Adelaide,Sydney,Adelaide,Jetstar,2022,125,625,645,450,430
Sydney-Adelaide,Sydney,Adelaide,Qantas,2022,43,1724,1594,866,996
Sydney-Adelaide,Sydney,Adelaide,Virgin Australia,2022,77,1144,1074,583,653
Sydney-Albury,Sydney,Albury,QantasLink,2022,17,884,915,273,242
Sydney-Albury,Sydney,Albury,Rex Airlines,2022,31,964,982,387,369
Sydney-Armidale,Sydney,Armidale,QantasLink,2022,69,822,919,273,176
Sydney-Armidale,Sydney,Armidale,Rex Airlines,2022,16,558,566,233,225
Sydney-Ballina,Sydney,Ballina,Jetstar,2022,13,549,553,274,270
Sydney-Ballina,Sydney,Ballina,QantasLink,2022,30,714,713,322,323
Sydney-Ballina,Sydney,Ballina,Rex Airlines,2022,0,1,1,0,0
Sydney-Ballina,Sydney,Ballina,Virgin Australia,2022,16,397,379,175,193
Sydney-Brisbane,Sydney,Brisbane,Jetstar,2022,262,968,994,683,657
Sydney-Brisbane,Sydney,Brisbane,Qantas,2022,259,3752,3736,2137,2153
Sydney-Brisbane,Sydney,Brisbane,Rex Airlines,2022,27,1166,1112,316,370
Sydney-Brisbane,Sydney,Brisbane,Virgin Australia,2022,335,3730,3674,1379,1435
Sydney-Cairns,Sydney,Cairns,Jetstar,2022,56,632,675,388,345
Sydney-Cairns,Sydney,Cairns,Qantas,2022,3,357,365,275,267
Sydney-Cairns,Sydney,Cairns,Virgin Australia,2022,10,677,750,235,162
Sydney-Canberra,Sydney,Canberra,QantasLink,2022,478,3372,3424,1190,1138
Sydney-Canberra,Sydney,Canberra,Virgin Australia,2022,122,2065,2241,728,552
Sydney-Coffs Harbour,Sydney,Coffs Harbour,QantasLink,2022,28,885,965,429,349
Sydney-Coffs Harbour,Sydney,Coffs Harbour,Rex Airlines,2022,10,1055,1122,383,316
Sydney-Darwin,Sydney,Darwin,Jetstar,2022,9,90,91,65,64
Sydney-Darwin,Sydney,Darwin,Qantas,2022,2,186,191,135,130
Sydney-Darwin,Sydney,Darwin,Virgin Australia,2022,1,110,118,72,64
Sydney-Dubbo,Sydney,Dubbo,QantasLink,2022,40,861,934,386,313
Sydney-Dubbo,Sydney,Dubbo,Rex Airlines,2022,8,1016,1067,463,412
Sydney-Gold Coast,Sydney,Gold Coast,Jetstar,2022,274,1691,1722,949,918
Sydney-Gold Coast,Sydney,Gold Coast,Qantas,2022,5,654,698,382,338
Sydney-Gold Coast,Sydney,Gold Coast,QantasLink,2022,13,179,176,87,90
Sydney-Gold Coast,Sydney,Gold Coast,Rex Airlines,2022,3,316,308,59,67
Sydney-Gold Coast,Sydney,Gold Coast,Virgin Australia,2022,114,2407,2277,1162,1292
Sydney-Hamilton Island,Sydney,Hamilton Island,Jetstar,2022,3,157,171,114,100
Sydney-Hamilton Island,Sydney,Hamilton Island,Qantas,2022,3,204,229,162,137
Sydney-Hamilton Island,Sydney,Hamilton Island,Virgin Australia,2022,4,252,259,87,80
Sydney-Hobart,Sydney,Hobart,Jetstar,2022,41,561,618,317,260
Sydney-Hobart,Sydney,Hobart,Qantas,2022,0,239,251,99,87
Sydney-Hobart,Sydney,Hobart,QantasLink,2022,20,401,415,243,229
Sydney-Hobart,Sydney,Hobart,Virgin Australia,2022,28,666,664,177,179
Sydney-Launceston,Sydney,Launceston,Jetstar,2022,13,299,305,178,172
Sydney-Launceston,Sydney,Launceston,QantasLink,2022,3,211,202,88,97
Sydney-Launceston,Sydney,Launceston,Virgin Australia,2022,8,246,270,101,77
Sydney-Melbourne,Sydney,Melbourne,Jetstar,2022,630,2333,2496,1625,1462
Sydney-Melbourne,Sydney,Melbourne,Qantas,2022,937,5867,5886,2915,2896
Sydney-Melbourne,Sydney,Melbourne,Rex Airlines,2022,53,1517,1435,403,485
Sydney-Melbourne,Sydney,Melbourne,Virgin Australia,2022,725,5312,5348,3009,2973
Sydney-Perth,Sydney,Perth,Jetstar,2022,26,250,284,246,212
Sydney-Perth,Sydney,Perth,Qantas,2022,25,1258,1137,1039,1160
Sydney-Perth,Sydney,Perth,Virgin Australia,2022,60,1004,1067,676,613
Sydney-Port Macquarie,Sydney,Port Macquarie,QantasLink,2022,20,867,953,386,300
Sydney-Port Macquarie,Sydney,Port Macquarie,Rex Airlines,2022,43,829,844,298,283
Sydney-Sunshine Coast,Sydney,Sunshine Coast,Jetstar,2022,57,676,651,293,318
Sydney-Sunshine Coast,Sydney,Sunshine Coast,Qantas,2022,3,281,294,185,172
Sydney-Sunshine Coast,Sydney,Sunshine Coast,QantasLink,2022,9,232,223,109,118
Sydney-Sunshine Coast,Sydney,Sunshine Coast,Virgin Australia,2022,29,697,663,242,276
Sydney-Wagga Wagga,Sydney,Wagga Wagga,QantasLink,2022,24,775,799,312,288
Sydney-Wagga Wagga,Sydney,Wagga Wagga,Rex Airlines,2022,30,989,981,374,382
Townsville-Brisbane,Townsville,Brisbane,Jetstar,2022,20,360,360,218,218
Townsville-Brisbane,Townsville,Brisbane,Qantas,2022,5,813,802,239,250
Townsville-Brisbane,Townsville,Brisbane,QantasLink,2022,5,267,235,186,218
Townsville-Brisbane,Townsville,Brisbane,Virgin Australia,2022,50,966,1019,570,517
Townsville-Cairns,Townsville,Cairns,QantasLink,2022,52,1391,1427,272,236
Townsville-Cairns,Townsville,Cairns,Rex Airlines,2022,9,157,156,16,17
Wagga Wagga-Sydney,Wagga Wagga,Sydney,QantasLink,2022,29,839,873,241,207
Wagga Wagga-Sydney,Wagga Wagga,Sydney,Rex Airlines,2022,34,1025,940,319,404
Adelaide-Alice Springs,Adelaide,Alice Springs,QantasLink,2023,2,499,455,75,119
Adelaide-Alice Springs,Adelaide,Alice Springs,Virgin Australia,2023,1,102,88,46,60
Adelaide-Brisbane,Adelaide,Brisbane,Jetstar,2023,23,243,256,118,105
Adelaide-Brisbane,Adelaide,Brisbane,Qantas,2023,0,22,23,3,2
Adelaide-Brisbane,Adelaide,Brisbane,QantasLink,2023,22,1400,1451,623,572
Adelaide-Brisbane,Adelaide,Brisbane,Virgin Australia,2023,78,1090,1113,503,480
Adelaide-Cairns,Adelaide,Cairns,Jetstar,2023,2,89,89,10,10
Adelaide-Cairns,Adelaide,Cairns,QantasLink,2023,0,9,6,0,3
Adelaide-Cairns,Adelaide,Cairns,Virgin Australia,2023,1,24,25,13,12
Adelaide-Canberra,Adelaide,Canberra,QantasLink,2023,10,1046,1029,145,162
Adelaide-Canberra,Adelaide,Canberra,Virgin Australia,2023,12,165,166,69,68
Adelaide-Darwin,Adelaide,Darwin,Jetstar,2023,4,122,111,37,48
Adelaide-Darwin,Adelaide,Darwin,QantasLink,2023,3,301,242,55,114
Adelaide-Darwin,Adelaide,Darwin,Virgin Australia,2023,0,54,52,18,20
Adelaide-Gold Coast,Adelaide,Gold Coast,Jetstar,2023,10,282,281,61,62
Adelaide-Gold Coast,Adelaide,Gold Coast,QantasLink,2023,0,18,19,2,1
Adelaide-Gold Coast,Adelaide,Gold Coast,Virgin Australia,2023,6,340,352,83,71
Adelaide-Melbourne,Adelaide,Melbourne,Jetstar,2023,58,688,744,505,449
Adelaide-Melbourne,Adelaide,Melbourne,Qantas,2023,61,2074,2079,853,848
Adelaide-Melbourne,Adelaide,Melbourne,QantasLink,2023,12,104,102,39,41
Adelaide-Melbourne,Adelaide,Melbourne,Rex Airlines,2023,2,533,534,143,142
Adelaide-Melbourne,Adelaide,Melbourne,Virgin Australia,2023,71,2025,2045,1038,1018
Adelaide-Perth,Adelaide,Perth,Jetstar,2023,11,265,260,60,65
Adelaide-Perth,Adelaide,Perth,Qantas,2023,7,875,920,229,184
Adelaide-Perth,Adelaide,Perth,Virgin Australia,2023,13,160,165,155,150
Adelaide-Perth,Adelaide,Perth,Virgin Australia Regional Airlines,2023,47,161,221,274,214
Adelaide-Port Lincoln,Adelaide,Port Lincoln,QantasLink,2023,51,1363,1365,190,188
Adelaide-Port Lincoln,Adelaide,Port Lincoln,Rex Airlines,2023,54,1409,1335,317,391
Adelaide-Sydney,Adelaide,Sydney,Jetstar,2023,158,874,861,348,361
Adelaide-Sydney,Adelaide,Sydney,Qantas,2023,54,1792,1792,820,820
Adelaide-Sydney,Adelaide,Sydney,Rex Airlines,2023,0,60,64,62,58
Adelaide-Sydney,Adelaide,Sydney,Virgin Australia,2023,125,1280,1260,704,724
Albury-Sydney,Albury,Sydney,QantasLink,2023,27,881,885,333,329
Albury-Sydney,Albury,Sydney,Rex Airlines,2023,23,952,910,225,267
Alice Springs-Adelaide,Alice Springs,Adelaide,QantasLink,2023,4,414,415,159,158
Alice Springs-Adelaide,Alice Springs,Adelaide,Virgin Australia,2023,1,44,54,104,94
Armidale-Sydney,Armidale,Sydney,QantasLink,2023,76,817,815,149,151
Armidale-Sydney,Armidale,Sydney,Rex Airlines,2023,27,384,340,151,195
Ballina-Sydney,Ballina,Sydney,Jetstar,2023,7,567,573,333,327
Ballina-Sydney,Ballina,Sydney,QantasLink,2023,46,750,736,204,218
Ballina-Sydney,Ballina,Sydney,Virgin Australia,2023,12,333,333,235,235
Brisbane-Adelaide,Brisbane,Adelaide,Jetstar,2023,29,224,248,137,113
Brisbane-Adelaide,Brisbane,Adelaide,Qantas,2023,0,24,23,4,5
Brisbane-Adelaide,Brisbane,Adelaide,QantasLink,2023,26,1393,1240,624,777
Brisbane-Adelaide,Brisbane,Adelaide,Virgin Australia,2023,75,1066,1108,527,485
Brisbane-Cairns,Brisbane,Cairns,Jetstar,2023,31,662,658,315,319
Brisbane-Cairns,Brisbane,Cairns,Qantas,2023,11,849,882,223,190
Brisbane-Cairns,Brisbane,Cairns,QantasLink,2023,10,415,431,300,284
Brisbane-Cairns,Brisbane,Cairns,Virgin Australia,2023,28,1091,1093,555,553
Brisbane-Canberra,Brisbane,Canberra,Jetstar,2023,2,240,236,122,126
Brisbane-Canberra,Brisbane,Canberra,Qantas,2023,4,84,86,9,7
Brisbane-Canberra,Brisbane,Canberra,QantasLink,2023,22,1364,1346,463,481
Brisbane-Canberra,Brisbane,Canberra,Virgin Australia,2023,36,858,880,345,323
Brisbane-Darwin,Brisbane,Darwin,Jetstar,2023,12,170,177,86,79
Brisbane-Darwin,Brisbane,Darwin,Qantas,2023,1,233,231,48,50
Brisbane-Darwin,Brisbane,Darwin,QantasLink,2023,0,70,94,83,59
Brisbane-Darwin,Brisbane,Darwin,Virgin Australia,2023,2,265,293,125,97
Brisbane-Emerald,Brisbane,Emerald,QantasLink,2023,29,1119,1159,276,236
Brisbane-Emerald,Brisbane,Emerald,Virgin Australia,2023,0,220,230,92,82
Brisbane-Gladstone,Brisbane,Gladstone,QantasLink,2023,115,1173,1231,370,312
Brisbane-Gladstone,Brisbane,Gladstone,Virgin Australia,2023,13,399,404,202,197
Brisbane-Hamilton Island,Brisbane,Hamilton Island,Qantas,2023,0,217,223,54,48
Brisbane-Hamilton Island,Brisbane,Hamilton Island,QantasLink,2023,0,4,3,3,4
Brisbane-Hamilton Island,Brisbane,Hamilton Island,Virgin Australia,2023,3,307,314,114,107
Brisbane-Hobart,Brisbane,Hobart,Jetstar,2023,2,229,235,66,60
Brisbane-Hobart,Brisbane,Hobart,Qantas,2023,0,13,13,1,1
Brisbane-Hobart,Brisbane,Hobart,QantasLink,2023,6,238,217,57,78
Brisbane-Hobart,Brisbane,Hobart,Virgin Australia,2023,12,387,393,149,143
Brisbane-Launceston,Brisbane,Launceston,Jetstar,2023,1,159,169,131,121
Brisbane-Launceston,Brisbane,Launceston,QantasLink,2023,0,4,3,7,8
Brisbane-Launceston,Brisbane,Launceston,Virgin Australia,2023,8,151,153,78,76
Brisbane-Mackay,Brisbane,Mackay,Jetstar,2023,3,177,185,156,148
Brisbane-Mackay,Brisbane,Mackay,Qantas,2023,3,824,848,207,183
Brisbane-Mackay,Brisbane,Mackay,QantasLink,2023,7,249,244,169,174
Brisbane-Mackay,Brisbane,Mackay,Virgin Australia,2023,17,928,911,698,715
Brisbane-Melbourne,Brisbane,Melbourne,Jetstar,2023,175,985,1053,713,645
Brisbane-Melbourne,Brisbane,Melbourne,Qantas,2023,109,3349,3271,1028,1106
Brisbane-Melbourne,Brisbane,Melbourne,Rex Airlines,2023,7,501,491,216,226
Brisbane-Melbourne,Brisbane,Melbourne,Virgin Australia,2023,266,2922,2807,1625,1740
Brisbane-Mount Isa,Brisbane,Mount Isa,Qantas,2023,0,487,509,63,41
Brisbane-Mount Isa,Brisbane,Mount Isa,QantasLink,2023,2,43,46,10,7
Brisbane-Mount Isa,Brisbane,Mount Isa,Virgin Australia,2023,0,116,96,39,59
Brisbane-Newcastle,Brisbane,Newcastle,Jetstar,2023,11,525,519,144,150
Brisbane-Newcastle,Brisbane,Newcastle,QantasLink,2023,113,1121,1160,304,265
Brisbane-Newcastle,Brisbane,Newcastle,Virgin Australia,2023,14,581,560,388,409
Brisbane-Perth,Brisbane,Perth,Jetstar,2023,9,136,183,128,81
Brisbane-Perth,Brisbane,Perth,Qantas,2023,8,1292,1408,522,406
Brisbane-Perth,Brisbane,Perth,Virgin Australia,2023,66,756,947,624,433
Brisbane-Proserpine,Brisbane,Proserpine,Jetstar,2023,5,270,275,129,124
Brisbane-Proserpine,Brisbane,Proserpine,QantasLink,2023,6,274,279,42,37
Brisbane-Proserpine,Brisbane,Proserpine,Virgin Australia,2023,7,333,339,101,95
Brisbane-Rockhampton,Brisbane,Rockhampton,QantasLink,2023,89,1640,1687,415,368
Brisbane-Rockhampton,Brisbane,Rockhampton,Virgin Australia,2023,8,987,857,653,783
Brisbane-Sydney,Brisbane,Sydney,Jetstar,2023,206,1259,1311,665,613
Brisbane-Sydney,Brisbane,Sydney,Qantas,2023,267,4897,4700,1151,1348
Brisbane-Sydney,Brisbane,Sydney,Rex Airlines,2023,22,1304,1252,390,442
Brisbane-Sydney,Brisbane,Sydney,Virgin Australia,2023,423,3502,3348,1696,1850
Brisbane-Townsville,Brisbane,Townsville,Jetstar,2023,7,424,413,160,171
Brisbane-Townsville,Brisbane,Townsville,Qantas,2023,2,627,674,216,169
Brisbane-Townsville,Brisbane,Townsville,QantasLink,2023,7,521,512,192,201
Brisbane-Townsville,Brisbane,Townsville,Virgin Australia,2023,30,1016,935,634,715
Broome-Perth,Broome,Perth,Qantas,2023,1,29,33,23,19
Broome-Perth,Broome,Perth,QantasLink,2023,19,608,629,306,285
Broome-Perth,Broome,Perth,Virgin Australia,2023,9,139,180,146,105
Broome-Perth,Broome,Perth,Virgin Australia Regional Airlines,2023,17,136,175,141,102
Cairns-Adelaide,Cairns,Adelaide,Jetstar,2023,2,69,71,30,28
Cairns-Adelaide,Cairns,Adelaide,QantasLink,2023,0,6,1,3,8
Cairns-Adelaide,Cairns,Adelaide,Virgin Australia,2023,1,18,19,19,18
Cairns-Brisbane,Cairns,Brisbane,Jetstar,2023,29,711,706,270,275
Cairns-Brisbane,Cairns,Brisbane,Qantas,2023,11,923,940,147,130
Cairns-Brisbane,Cairns,Brisbane,QantasLink,2023,13,334,318,379,395
Cairns-Brisbane,Cairns,Brisbane,Virgin Australia,2023,29,1065,1189,580,456
Cairns-Melbourne,Cairns,Melbourne,Jetstar,2023,56,713,769,435,379
Cairns-Melbourne,Cairns,Melbourne,Qantas,2023,5,221,233,169,157
Cairns-Melbourne,Cairns,Melbourne,Virgin Australia,2023,32,417,428,370,359
Cairns-Sydney,Cairns,Sydney,Jetstar,2023,78,717,768,365,314
Cairns-Sydney,Cairns,Sydney,Qantas,2023,5,289,304,246,231
Cairns-Sydney,Cairns,Sydney,Virgin Australia,2023,29,657,665,301,293
Cairns-Townsville,Cairns,Townsville,QantasLink,2023,88,1493,1485,200,208
Cairns-Townsville,Cairns,Townsville,Rex Airlines,2023,12,118,120,24,22
Canberra-Adelaide,Canberra,Adelaide,QantasLink,2023,12,985,934,204,255
Canberra-Adelaide,Canberra,Adelaide,Virgin Australia,2023,12,160,162,74,72
Canberra-Brisbane,Canberra,Brisbane,Jetstar,2023,5,199,228,162,133
Canberra-Brisbane,Canberra,Brisbane,Qantas,2023,4,86,85,6,7
Canberra-Brisbane,Canberra,Brisbane,QantasLink,2023,26,1406,1440,418,384
Canberra-Brisbane,Canberra,Brisbane,Virgin Australia,2023,35,895,906,310,299
Canberra-Gold Coast,Canberra,Gold Coast,Jetstar,2023,2,122,153,97,66
Canberra-Gold Coast,Canberra,Gold Coast,Virgin Australia,2023,1,257,257,121,121
Canberra-Melbourne,Canberra,Melbourne,Jetstar,2023,11,171,193,184,162
Canberra-Melbourne,Canberra,Melbourne,Qantas,2023,0,5,5,4,4
Canberra-Melbourne,Canberra,Melbourne,QantasLink,2023,149,2080,2035,816,861
Canberra-Melbourne,Canberra,Melbourne,Rex Airlines,2023,0,254,248,110,116
Canberra-Melbourne,Canberra,Melbourne,Virgin Australia,2023,23,900,852,516,564
Canberra-Sydney,Canberra,Sydney,Qantas,2023,0,24,24,0,0
Canberra-Sydney,Canberra,Sydney,QantasLink,2023,546,3370,3252,1263,1381
Canberra-Sydney,Canberra,Sydney,Virgin Australia,2023,114,2130,2144,631,617
Coffs Harbour-Sydney,Coffs Harbour,Sydney,QantasLink,2023,37,998,955,308,351
Coffs Harbour-Sydney,Coffs Harbour,Sydney,Rex Airlines,2023,8,930,832,306,404
Darwin-Adelaide,Darwin,Adelaide,Jetstar,2023,5,77,111,84,50
Darwin-Adelaide,Darwin,Adelaide,QantasLink,2023,3,289,314,68,43
Darwin-Adelaide,Darwin,Adelaide,Virgin Australia,2023,0,50,65,22,7
Darwin-Brisbane,Darwin,Brisbane,Jetstar,2023,13,145,151,109,103
Darwin-Brisbane,Darwin,Brisbane,Qantas,2023,3,170,212,108,66
Darwin-Brisbane,Darwin,Brisbane,QantasLink,2023,0,132,122,22,32
Darwin-Brisbane,Darwin,Brisbane,Virgin Australia,2023,5,218,282,168,104
Darwin-Melbourne,Darwin,Melbourne,Jetstar,2023,7,125,145,174,154
Darwin-Melbourne,Darwin,Melbourne,Qantas,2023,4,229,248,81,62
Darwin-Melbourne,Darwin,Melbourne,QantasLink,2023,0,49,33,21,37
Darwin-Melbourne,Darwin,Melbourne,Virgin Australia,2023,11,165,209,175,131
Darwin-Perth,Darwin,Perth,Qantas,2023,0,54,62,16,8
Darwin-Perth,Darwin,Perth,QantasLink,2023,3,165,191,164,138
Darwin-Perth,Darwin,Perth,Virgin Australia,2023,0,70,67,27,30
Darwin-Perth,Darwin,Perth,Virgin Australia Regional Airlines,2023,8,105,109,50,46
Darwin-Sydney,Darwin,Sydney,Jetstar,2023,0,11,15,13,9
Darwin-Sydney,Darwin,Sydney,Qantas,2023,0,25,23,6,8
Darwin-Sydney,Darwin,Sydney,Virgin Australia,2023,0,5,6,2,1
Devonport-Melbourne,Devonport,Melbourne,QantasLink,2023,25,684,643,209,250
Devonport-Melbourne,Devonport,Melbourne,Rex Airlines,2023,21,276,255,74,95
Dubbo-Sydney,Dubbo,Sydney,QantasLink,2023,36,1015,1020,261,256
Dubbo-Sydney,Dubbo,Sydney,Rex Airlines,2023,17,1014,932,337,419
Emerald-Brisbane,Emerald,Brisbane,QantasLink,2023,35,1127,1096,260,291
Emerald-Brisbane,Emerald,Brisbane,Virgin Australia,2023,0,243,240,69,72
Gladstone-Brisbane,Gladstone,Brisbane,QantasLink,2023,125,1235,1233,296,298
Gladstone-Brisbane,Gladstone,Brisbane,Virgin Australia,2023,13,399,317,202,284
Gold Coast-Adelaide,Gold Coast,Adelaide,Jetstar,2023,10,268,286,75,57
Gold Coast-Adelaide,Gold Coast,Adelaide,QantasLink,2023,0,14,12,6,8
Gold Coast-Adelaide,Gold Coast,Adelaide,Virgin Australia,2023,7,265,261,157,161
Gold Coast-Canberra,Gold Coast,Canberra,Jetstar,2023,1,142,152,75,65
Gold Coast-Canberra,Gold Coast,Canberra,Virgin Australia,2023,2,254,246,123,131
Gold Coast-Melbourne,Gold Coast,Melbourne,Bonza,2023,8,4,2,11,13
Gold Coast-Melbourne,Gold Coast,Melbourne,Jetstar,2023,155,1556,1589,834,801
Gold Coast-Melbourne,Gold Coast,Melbourne,Qantas,2023,1,222,240,139,121
Gold Coast-Melbourne,Gold Coast,Melbourne,QantasLink,2023,3,48,49,31,30
Gold Coast-Melbourne,Gold Coast,Melbourne,Rex Airlines,2023,0,280,260,86,106
Gold Coast-Melbourne,Gold Coast,Melbourne,Virgin Australia,2023,114,1854,2000,1246,1100
Gold Coast-Sydney,Gold Coast,Sydney,Jetstar,2023,202,2021,2006,859,874
Gold Coast-Sydney,Gold Coast,Sydney,Qantas,2023,5,727,662,284,349
Gold Coast-Sydney,Gold Coast,Sydney,QantasLink,2023,15,143,142,81,82
Gold Coast-Sydney,Gold Coast,Sydney,Rex Airlines,2023,0,275,287,90,78
Gold Coast-Sydney,Gold Coast,Sydney,Virgin Australia,2023,110,2297,2328,1220,1189
Hamilton Island-Brisbane,Hamilton Island,Brisbane,Qantas,2023,1,190,201,80,69
Hamilton Island-Brisbane,Hamilton Island,Brisbane,QantasLink,2023,0,1,1,6,6
Hamilton Island-Brisbane,Hamilton Island,Brisbane,Virgin Australia,2023,3,268,295,152,125
Hamilton Island-Sydney,Hamilton Island,Sydney,Jetstar,2023,2,137,128,142,151
Hamilton Island-Sydney,Hamilton Island,Sydney,Qantas,2023,4,200,217,157,140
Hamilton Island-Sydney,Hamilton Island,Sydney,Virgin Australia,2023,5,184,162,158,180
Hobart-Brisbane,Hobart,Brisbane,Jetstar,2023,2,201,194,96,103
Hobart-Brisbane,Hobart,Brisbane,Qantas,2023,0,12,10,2,4
Hobart-Brisbane,Hobart,Brisbane,QantasLink,2023,10,202,205,90,87
Hobart-Brisbane,Hobart,Brisbane,Virgin Australia,2023,15,334,317,198,215
Hobart-Melbourne,Hobart,Melbourne,Jetstar,2023,72,952,968,707,691
Hobart-Melbourne,Hobart,Melbourne,Qantas,2023,5,326,329,120,117
Hobart-Melbourne,Hobart,Melbourne,QantasLink,2023,20,498,448,261,311
Hobart-Melbourne,Hobart,Melbourne,Rex Airlines,2023,0,82,71,51,62
Hobart-Melbourne,Hobart,Melbourne,Virgin Australia,2023,14,1039,857,490,672
Hobart-Sydney,Hobart,Sydney,Jetstar,2023,28,688,678,295,305
Hobart-Sydney,Hobart,Sydney,Qantas,2023,2,171,179,66,58
Hobart-Sydney,Hobart,Sydney,QantasLink,2023,24,518,494,216,240
Hobart-Sydney,Hobart,Sydney,Virgin Australia,2023,28,627,590,253,290
Kalgoorlie-Perth,Kalgoorlie,Perth,Qantas,2023,12,191,198,83,76
Kalgoorlie-Perth,Kalgoorlie,Perth,QantasLink,2023,14,409,393,175,191
Kalgoorlie-Perth,Kalgoorlie,Perth,Virgin Australia,2023,19,433,418,152,167
Kalgoorlie-Perth,Kalgoorlie,Perth,Virgin Australia Regional Airlines,2023,12,264,265,115,114
Karratha-Perth,Karratha,Perth,Qantas,2023,9,174,173,53,54
Karratha-Perth,Karratha,Perth,QantasLink,2023,15,1032,1071,434,395
Karratha-Perth,Karratha,Perth,Virgin Australia,2023,11,307,314,93,86
Karratha-Perth,Karratha,Perth,Virgin Australia Regional Airlines,2023,9,133,138,109,104
Launceston-Brisbane,Launceston,Brisbane,Jetstar,2023,5,104,143,187,148
Launceston-Brisbane,Launceston,Brisbane,QantasLink,2023,0,6,7,4,3
Launceston-Brisbane,Launceston,Brisbane,Virgin Australia,2023,8,138,137,90,91
Launceston-Melbourne,Launceston,Melbourne,Jetstar,2023,32,525,593,620,552
Launceston-Melbourne,Launceston,Melbourne,QantasLink,2023,77,907,942,372,337
Launceston-Melbourne,Launceston,Melbourne,Virgin Australia,2023,12,841,781,271,331
Launceston-Sydney,Launceston,Sydney,Jetstar,2023,17,317,325,234,226
Launceston-Sydney,Launceston,Sydney,QantasLink,2023,10,235,253,132,114
Launceston-Sydney,Launceston,Sydney,Virgin Australia,2023,2,248,215,103,136
Mackay-Brisbane,Mackay,Brisbane,Jetstar,2023,10,161,176,171,156
Mackay-Brisbane,Mackay,Brisbane,Qantas,2023,10,804,822,223,205
Mackay-Brisbane,Mackay,Brisbane,QantasLink,2023,11,280,269,181,192
Mackay-Brisbane,Mackay,Brisbane,Virgin Australia,2023,22,932,986,690,636
Melbourne-Adelaide,Melbourne,Adelaide,Jetstar,2023,48,747,770,457,434
Melbourne-Adelaide,Melbourne,Adelaide,Qantas,2023,46,2074,2035,865,904
Melbourne-Adelaide,Melbourne,Adelaide,QantasLink,2023,13,112,94,31,49
Melbourne-Adelaide,Melbourne,Adelaide,Rex Airlines,2023,0,505,482,172,195
Melbourne-Adelaide,Melbourne,Adelaide,Virgin Australia,2023,68,2093,1947,975,1121
Melbourne-Brisbane,Melbourne,Brisbane,Jetstar,2023,175,934,910,777,801
Melbourne-Brisbane,Melbourne,Brisbane,Qantas,2023,102,3114,3139,1270,1245
Melbourne-Brisbane,Melbourne,Brisbane,Rex Airlines,2023,3,578,546,142,174
Melbourne-Brisbane,Melbourne,Brisbane,Virgin Australia,2023,259,3101,2963,1480,1618
Melbourne-Cairns,Melbourne,Cairns,Jetstar,2023,51,722,760,431,393
Melbourne-Cairns,Melbourne,Cairns,Qantas,2023,2,268,278,127,117
Melbourne-Cairns,Melbourne,Cairns,Virgin Australia,2023,31,580,564,209,225
Melbourne-Canberra,Melbourne,Canberra,Jetstar,2023,10,197,196,159,160
Melbourne-Canberra,Melbourne,Canberra,Qantas,2023,0,9,7,3,5
Melbourne-Canberra,Melbourne,Canberra,QantasLink,2023,130,2177,2146,736,767
Melbourne-Canberra,Melbourne,Canberra,Rex Airlines,2023,0,285,267,78,96
Melbourne-Canberra,Melbourne,Canberra,Virgin Australia,2023,20,935,915,485,505
Melbourne-Darwin,Melbourne,Darwin,Jetstar,2023,4,193,182,111,122
Melbourne-Darwin,Melbourne,Darwin,Qantas,2023,4,165,175,144,134
Melbourne-Darwin,Melbourne,Darwin,QantasLink,2023,0,20,8,50,62
Melbourne-Darwin,Melbourne,Darwin,Virgin Australia,2023,6,199,190,142,151
Melbourne-Devonport,Melbourne,Devonport,QantasLink,2023,19,655,677,241,219
Melbourne-Devonport,Melbourne,Devonport,Rex Airlines,2023,20,286,290,68,64
Melbourne-Gold Coast,Melbourne,Gold Coast,Bonza,2023,8,7,6,8,9
Melbourne-Gold Coast,Melbourne,Gold Coast,Jetstar,2023,147,1438,1509,961,890
Melbourne-Gold Coast,Melbourne,Gold Coast,Qantas,2023,0,268,282,90,76
Melbourne-Gold Coast,Melbourne,Gold Coast,QantasLink,2023,3,60,57,19,22
Melbourne-Gold Coast,Melbourne,Gold Coast,Rex Airlines,2023,0,327,308,39,58
Melbourne-Gold Coast,Melbourne,Gold Coast,Virgin Australia,2023,111,2064,2076,1037,1025
Melbourne-Hobart,Melbourne,Hobart,Jetstar,2023,65,973,983,694,684
Melbourne-Hobart,Melbourne,Hobart,Qantas,2023,2,261,267,189,183
Melbourne-Hobart,Melbourne,Hobart,QantasLink,2023,15,547,526,216,237
Melbourne-Hobart,Melbourne,Hobart,Rex Airlines,2023,0,101,91,33,43
Melbourne-Hobart,Melbourne,Hobart,Virgin Australia,2023,12,1024,959,507,572
Melbourne-Launceston,Melbourne,Launceston,Jetstar,2023,28,675,675,463,463
Melbourne-Launceston,Melbourne,Launceston,QantasLink,2023,68,903,888,389,404
Melbourne-Launceston,Melbourne,Launceston,Virgin Australia,2023,13,718,651,394,461
Melbourne-Mildura,Melbourne,Mildura,Bonza,2023,1,4,4,12,12
Melbourne-Mildura,Melbourne,Mildura,QantasLink,2023,28,916,888,414,442
Melbourne-Mildura,Melbourne,Mildura,Rex Airlines,2023,19,800,751,335,384
Melbourne-Newcastle,Melbourne,Newcastle,Jetstar,2023,7,424,428,198,194
Melbourne-Newcastle,Melbourne,Newcastle,QantasLink,2023,25,411,388,207,230
Melbourne-Newcastle,Melbourne,Newcastle,Virgin Australia,2023,3,324,312,137,149
Melbourne-Perth,Melbourne,Perth,Jetstar,2023,61,553,564,245,234
Melbourne-Perth,Melbourne,Perth,Qantas,2023,42,1549,1514,896,931
Melbourne-Perth,Melbourne,Perth,Virgin Australia,2023,79,1259,1425,891,725
Melbourne-Sunshine Coast,Melbourne,Sunshine Coast,Bonza,2023,0,16,16,13,13
Melbourne-Sunshine Coast,Melbourne,Sunshine Coast,Jetstar,2023,12,533,524,271,280
Melbourne-Sunshine Coast,Melbourne,Sunshine Coast,Qantas,2023,3,229,244,83,68
Melbourne-Sunshine Coast,Melbourne,Sunshine Coast,QantasLink,2023,0,69,63,21,27
Melbourne-Sunshine Coast,Melbourne,Sunshine Coast,Virgin Australia,2023,11,665,671,256,250
Melbourne-Sydney,Melbourne,Sydney,Jetstar,2023,507,2598,2674,1499,1423
Melbourne-Sydney,Melbourne,Sydney,Qantas,2023,917,7138,6532,2528,3134
Melbourne-Sydney,Melbourne,Sydney,QantasLink,2023,0,6,5,1,2
Melbourne-Sydney,Melbourne,Sydney,Rex Airlines,2023,43,1755,1704,354,405
Melbourne-Sydney,Melbourne,Sydney,Virgin Australia,2023,915,6076,5458,2267,2885
Mildura-Melbourne,Mildura,Melbourne,Bonza,2023,1,1,1,15,15
Mildura-Melbourne,Mildura,Melbourne,QantasLink,2023,38,850,832,473,491
Mildura-Melbourne,Mildura,Melbourne,Rex Airlines,2023,25,795,733,330,392
Mount Isa-Brisbane,Mount Isa,Brisbane,Qantas,2023,1,461,486,89,64
Mount Isa-Brisbane,Mount Isa,Brisbane,QantasLink,2023,3,43,38,9,14
Mount Isa-Brisbane,Mount Isa,Brisbane,Virgin Australia,2023,2,101,76,53,78
Newcastle-Brisbane,Newcastle,Brisbane,Jetstar,2023,13,480,479,190,191
Newcastle-Brisbane,Newcastle,Brisbane,QantasLink,2023,137,1139,1213,262,188
Newcastle-Brisbane,Newcastle,Brisbane,Virgin Australia,2023,15,611,601,357,367
Newcastle-Melbourne,Newcastle,Melbourne,Jetstar,2023,14,381,406,240,215
Newcastle-Melbourne,Newcastle,Melbourne,QantasLink,2023,22,464,443,158,179
Newcastle-Melbourne,Newcastle,Melbourne,Virgin Australia,2023,5,280,249,180,211
Newman-Perth,Newman,Perth,Qantas,2023,8,208,188,38,58
Newman-Perth,Newman,Perth,QantasLink,2023,28,816,704,264,376
Newman-Perth,Newman,Perth,Virgin Australia,2023,16,267,235,105,137
Newman-Perth,Newman,Perth,Virgin Australia Regional Airlines,2023,12,205,201,68,72
Perth-Adelaide,Perth,Adelaide,Jetstar,2023,13,224,231,101,94
Perth-Adelaide,Perth,Adelaide,Qantas,2023,6,805,869,306,242
Perth-Adelaide,Perth,Adelaide,Virgin Australia,2023,14,234,206,83,111
Perth-Adelaide,Perth,Adelaide,Virgin Australia Regional Airlines,2023,45,297,261,139,175
Perth-Brisbane,Perth,Brisbane,Jetstar,2023,17,120,140,142,122
Perth-Brisbane,Perth,Brisbane,Qantas,2023,11,1358,1359,452,451
Perth-Brisbane,Perth,Brisbane,Virgin Australia,2023,69,862,1020,509,351
Perth-Broome,Perth,Broome,Qantas,2023,1,39,43,14,10
Perth-Broome,Perth,Broome,QantasLink,2023,15,689,757,228,160
Perth-Broome,Perth,Broome,Virgin Australia,2023,11,168,195,112,85
Perth-Broome,Perth,Broome,Virgin Australia Regional Airlines,2023,17,183,202,97,78
Perth-Darwin,Perth,Darwin,Qantas,2023,0,55,55,15,15
Perth-Darwin,Perth,Darwin,QantasLink,2023,2,253,239,78,92
Perth-Darwin,Perth,Darwin,Virgin Australia,2023,0,65,66,32,31
Perth-Darwin,Perth,Darwin,Virgin Australia Regional Airlines,2023,5,105,111,53,47
Perth-Kalgoorlie,Perth,Kalgoorlie,Qantas,2023,11,240,235,34,39
Perth-Kalgoorlie,Perth,Kalgoorlie,QantasLink,2023,11,440,428,147,159
Perth-Kalgoorlie,Perth,Kalgoorlie,Virgin Australia,2023,18,486,465,101,122
Perth-Kalgoorlie,Perth,Kalgoorlie,Virgin Australia Regional Airlines,2023,11,297,279,81,99
Perth-Karratha,Perth,Karratha,Qantas,2023,7,206,207,23,22
Perth-Karratha,Perth,Karratha,QantasLink,2023,13,1130,1144,346,332
Perth-Karratha,Perth,Karratha,Virgin Australia,2023,11,340,326,60,74
Perth-Karratha,Perth,Karratha,Virgin Australia Regional Airlines,2023,9,163,146,79,96
Perth-Melbourne,Perth,Melbourne,Jetstar,2023,74,413,475,379,317
Perth-Melbourne,Perth,Melbourne,Qantas,2023,50,1562,1665,882,779
Perth-Melbourne,Perth,Melbourne,Virgin Australia,2023,90,1579,1618,667,628
Perth-Newman,Perth,Newman,Qantas,2023,7,223,224,24,23
Perth-Newman,Perth,Newman,QantasLink,2023,18,908,891,184,201
Perth-Newman,Perth,Newman,Virgin Australia,2023,14,314,297,60,77
Perth-Newman,Perth,Newman,Virgin Australia Regional Airlines,2023,9,215,211,59,63
Perth-Port Hedland,Perth,Port Hedland,Qantas,2023,7,251,256,58,53
Perth-Port Hedland,Perth,Port Hedland,QantasLink,2023,21,1029,1012,245,262
Perth-Port Hedland,Perth,Port Hedland,Virgin Australia,2023,16,230,223,58,65
Perth-Port Hedland,Perth,Port Hedland,Virgin Australia Regional Airlines,2023,15,222,221,92,93
Perth-Sydney,Perth,Sydney,Jetstar,2023,28,224,292,336,268
Perth-Sydney,Perth,Sydney,Qantas,2023,49,1555,1631,898,822
Perth-Sydney,Perth,Sydney,Virgin Australia,2023,61,1055,1274,592,373
Port Hedland-Perth,Port Hedland,Perth,Qantas,2023,10,216,226,90,80
Port Hedland-Perth,Port Hedland,Perth,QantasLink,2023,27,893,840,370,423
Port Hedland-Perth,Port Hedland,Perth,Virgin Australia,2023,15,176,171,112,117
Port Hedland-Perth,Port Hedland,Perth,Virgin Australia Regional Airlines,2023,16,166,183,147,130
Port Lincoln-Adelaide,Port Lincoln,Adelaide,QantasLink,2023,58,1396,1379,149,166
Port Lincoln-Adelaide,Port Lincoln,Adelaide,Rex Airlines,2023,62,1353,1344,369,378
Port Macquarie-Sydney,Port Macquarie,Sydney,QantasLink,2023,26,988,958,300,330
Port Macquarie-Sydney,Port Macquarie,Sydney,Rex Airlines,2023,45,765,672,217,310
Proserpine-Brisbane,Proserpine,Brisbane,Jetstar,2023,7,225,227,176,174
Proserpine-Brisbane,Proserpine,Brisbane,QantasLink,2023,11,245,238,67,74
Proserpine-Brisbane,Proserpine,Brisbane,Virgin Australia,2023,7,281,273,153,161
Rockhampton-Brisbane,Rockhampton,Brisbane,QantasLink,2023,116,1535,1546,496,485
Rockhampton-Brisbane,Rockhampton,Brisbane,Virgin Australia,2023,12,1042,900,595,737
Sunshine Coast-Melbourne,Sunshine Coast,Melbourne,Bonza,2023,0,12,15,17,14
Sunshine Coast-Melbourne,Sunshine Coast,Melbourne,Jetstar,2023,21,450,450,351,351
Sunshine Coast-Melbourne,Sunshine Coast,Melbourne,Qantas,2023,4,151,175,158,134
Sunshine Coast-Melbourne,Sunshine Coast,Melbourne,QantasLink,2023,1,51,57,38,32
Sunshine Coast-Melbourne,Sunshine Coast,Melbourne,Virgin Australia,2023,12,587,515,333,405
Sunshine Coast-Sydney,Sunshine Coast,Sydney,Jetstar,2023,52,716,643,375,448
Sunshine Coast-Sydney,Sunshine Coast,Sydney,Qantas,2023,3,316,323,169,162
Sunshine Coast-Sydney,Sunshine Coast,Sydney,QantasLink,2023,10,190,168,49,71
Sunshine Coast-Sydney,Sunshine Coast,Sydney,Virgin Australia,2023,5,537,421,283,399
Sydney-Adelaide,Sydney,Adelaide,Jetstar,2023,152,754,796,472,430
Sydney-Adelaide,Sydney,Adelaide,Qantas,2023,46,1783,1666,839,956
Sydney-Adelaide,Sydney,Adelaide,Rex Airlines,2023,0,63,62,59,60
Sydney-Adelaide,Sydney,Adelaide,Virgin Australia,2023,115,1399,1326,595,668
Sydney-Albury,Sydney,Albury,QantasLink,2023,23,873,887,345,331
Sydney-Albury,Sydney,Albury,Rex Airlines,2023,19,927,917,249,259
Sydney-Armidale,Sydney,Armidale,QantasLink,2023,70,735,823,235,147
Sydney-Armidale,Sydney,Armidale,Rex Airlines,2023,25,390,397,135,128
Sydney-Ballina,Sydney,Ballina,Jetstar,2023,6,654,655,247,246
Sydney-Ballina,Sydney,Ballina,QantasLink,2023,43,685,744,273,214
Sydney-Ballina,Sydney,Ballina,Virgin Australia,2023,11,399,380,170,189
Sydney-Brisbane,Sydney,Brisbane,Jetstar,2023,193,1213,1205,718,726
Sydney-Brisbane,Sydney,Brisbane,Qantas,2023,261,4157,4110,1929,1976
Sydney-Brisbane,Sydney,Brisbane,Rex Airlines,2023,22,1310,1244,386,452
Sydney-Brisbane,Sydney,Brisbane,Virgin Australia,2023,416,3726,3642,1448,1532
Sydney-Cairns,Sydney,Cairns,Jetstar,2023,68,735,755,350,330
Sydney-Cairns,Sydney,Cairns,Qantas,2023,4,310,298,224,236
Sydney-Cairns,Sydney,Cairns,Virgin Australia,2023,25,721,749,236,208
Sydney-Canberra,Sydney,Canberra,Qantas,2023,0,24,24,0,0
Sydney-Canberra,Sydney,Canberra,QantasLink,2023,499,3529,3488,1152,1193
Sydney-Canberra,Sydney,Canberra,Virgin Australia,2023,117,2060,2212,694,542
Sydney-Coffs Harbour,Sydney,Coffs Harbour,QantasLink,2023,33,899,965,413,347
Sydney-Coffs Harbour,Sydney,Coffs Harbour,Rex Airlines,2023,5,918,984,318,252
Sydney-Darwin,Sydney,Darwin,Jetstar,2023,0,11,14,13,10
Sydney-Darwin,Sydney,Darwin,Qantas,2023,0,22,24,9,7
Sydney-Darwin,Sydney,Darwin,Virgin Australia,2023,0,2,2,5,5
Sydney-Dubbo,Sydney,Dubbo,QantasLink,2023,32,855,956,426,325
Sydney-Dubbo,Sydney,Dubbo,Rex Airlines,2023,11,1045,1090,363,318
Sydney-Gold Coast,Sydney,Gold Coast,Jetstar,2023,187,2026,2049,854,831
Sydney-Gold Coast,Sydney,Gold Coast,Qantas,2023,2,636,683,375,328
Sydney-Gold Coast,Sydney,Gold Coast,QantasLink,2023,15,167,159,57,65
Sydney-Gold Coast,Sydney,Gold Coast,Rex Airlines,2023,0,304,289,61,76
Sydney-Gold Coast,Sydney,Gold Coast,Virgin Australia,2023,105,2392,2264,1132,1260
Sydney-Hamilton Island,Sydney,Hamilton Island,Jetstar,2023,0,184,191,97,90
Sydney-Hamilton Island,Sydney,Hamilton Island,Qantas,2023,3,223,217,135,141
Sydney-Hamilton Island,Sydney,Hamilton Island,Virgin Australia,2023,2,256,245,87,98
Sydney-Hobart,Sydney,Hobart,Jetstar,2023,25,673,716,311,268
Sydney-Hobart,Sydney,Hobart,Qantas,2023,1,174,188,64,50
Sydney-Hobart,Sydney,Hobart,QantasLink,2023,22,494,504,246,236
Sydney-Hobart,Sydney,Hobart,Virgin Australia,2023,26,693,675,189,207
Sydney-Launceston,Sydney,Launceston,Jetstar,2023,11,364,369,193,188
Sydney-Launceston,Sydney,Launceston,QantasLink,2023,7,258,243,112,127
Sydney-Launceston,Sydney,Launceston,Virgin Australia,2023,1,260,271,92,81
Sydney-Melbourne,Sydney,Melbourne,Jetstar,2023,494,2658,2710,1442,1390
Sydney-Melbourne,Sydney,Melbourne,Qantas,2023,901,6554,6371,3116,3299
Sydney-Melbourne,Sydney,Melbourne,QantasLink,2023,0,6,6,1,1
Sydney-Melbourne,Sydney,Melbourne,Rex Airlines,2023,37,1651,1539,463,575
Sydney-Melbourne,Sydney,Melbourne,Virgin Australia,2023,911,5694,5479,2574,2789
Sydney-Perth,Sydney,Perth,Jetstar,2023,18,328,346,240,222
Sydney-Perth,Sydney,Perth,Qantas,2023,36,1386,1368,1085,1103
Sydney-Perth,Sydney,Perth,Virgin Australia,2023,76,1048,1155,693,586
Sydney-Port Macquarie,Sydney,Port Macquarie,QantasLink,2023,21,910,983,384,311
Sydney-Port Macquarie,Sydney,Port Macquarie,Rex Airlines,2023,44,771,780,227,218
Sydney-Sunshine Coast,Sydney,Sunshine Coast,Jetstar,2023,43,818,820,279,277
Sydney-Sunshine Coast,Sydney,Sunshine Coast,Qantas,2023,2,284,316,204,172
Sydney-Sunshine Coast,Sydney,Sunshine Coast,QantasLink,2023,7,158,156,83,85
Sydney-Sunshine Coast,Sydney,Sunshine Coast,Virgin Australia,2023,4,587,535,232,284
Sydney-Wagga Wagga,Sydney,Wagga Wagga,QantasLink,2023,38,902,945,323,280
Sydney-Wagga Wagga,Sydney,Wagga Wagga,Rex Airlines,2023,22,856,846,263,273
Townsville-Brisbane,Townsville,Brisbane,Jetstar,2023,13,372,369,208,211
Townsville-Brisbane,Townsville,Brisbane,Qantas,2023,2,678,694,163,147
Townsville-Brisbane,Townsville,Brisbane,QantasLink,2023,5,454,421,261,294
Townsville-Brisbane,Townsville,Brisbane,Virgin Australia,2023,32,903,879,744,768
Townsville-Cairns,Townsville,Cairns,QantasLink,2023,94,1458,1476,229,211
Townsville-Cairns,Townsville,Cairns,Rex Airlines,2023,11,126,126,16,16
Wagga Wagga-Sydney,Wagga Wagga,Sydney,QantasLink,2023,47,955,996,260,219
Wagga Wagga-Sydney,Wagga Wagga,Sydney,Rex Airlines,2023,26,877,806,233,304
